111 LOG_DATAPACKET 19 377 -516 376 3558 2414 2484 1506 0 0 1764 1598 0
111 LOG_DATAPACKET 1 2477 392 3197 -1844 -3367 1376 1508 0 0 1762 1598 0
111 LOG_DATAPACKET 2 3178 257 697 -928 -1488 115 1508 0 0 1762 1598 0
111 LOG_DATAPACKET 3 3245 386 1091 -561 -539 -633 1508 0 0 1762 1598 0
111 LOG_DATAPACKET 4 1738 238 -323 29 59 -1135 1508 0 0 1762 1598 0
111 LOG_DATAPACKET 5 -535 272 203 -385 -532 -709 1508 0 0 1762 1598 0
111 LOG_DATAPACKET 6 588 -422 1567 -125 -1027 -159 1508 0 0 1763 1600 0
111 LOG_DATAPACKET 7 -1109 -952 -1349 995 -1283 451 1508 0 0 1763 1600 0
111 LOG_DATAPACKET 8 2884 -717 2834 2137 -575 1054 1508 0 0 1763 1600 0
111 LOG_DATAPACKET 9 -819 1255 -2658 37 -772 1706 1508 0 0 1763 1600 0
111 LOG_DATAPACKET 10 2117 -396 675 890 -739 1437 1508 0 0 1763 1600 0
111 LOG_DATAPACKET 11 -899 1165 -1300 -598 -1541 413 1508 0 0 1763 1600 0
111 LOG_DATAPACKET 12 1992 -560 424 712 -898 -437 1508 0 0 1763 1600 0
111 LOG_DATAPACKET 13 2158 -1353 3243 1770 169 -1036 1508 0 0 1763 1600 0
111 LOG_DATAPACKET 14 -137 -205 -925 3374 63 -1215 1508 0 0 1763 1600 0
111 LOG_DATAPACKET 15 -429 637 -1972 2295 -1705 -1228 1508 0 0 1763 1600 0
111 LOG_DATAPACKET 16 -254 2185 -4020 654 -2069 -1373 1508 0 0 1763 1600 0
111 LOG_DATAPACKET 17 3933 -524 4076 2521 792 -136 1506 0 0 1764 1598 0
111 LOG_DATAPACKET 18 713 766 852 2443 2010 1251 1506 0 0 1764 1598 0
111 LOG_DATAPACKET 19 377 -516 376 3558 2414 2484 1506 0 0 1764 1598 0
111 LOG_DATAPACKET 20 1139 -342 1224 2475 2325 2234 1506 0 0 1764 1598 0
111 LOG_DATAPACKET 21 4283 607 1063 3018 3363 2281 1506 0 0 1764 1598 0
111 LOG_DATAPACKET 22 3822 1440 827 -183 2373 1399 1506 0 0 1764 1598 0
111 LOG_DATAPACKET 23 4358 -1157 1594 1208 1239 -616 1506 0 0 1764 1598 0
111 LOG_DATAPACKET 24 1448 -1336 5747 1567 -731 -2142 1506 0 0 1764 1598 0
111 LOG_DATAPACKET 25 1305 -604 1133 2562 -961 -1478 1506 0 0 1764 1598 0
111 LOG_DATAPACKET 26 -711 689 2433 -17 -3563 226 1506 0 0 1764 1598 0
111 LOG_DATAPACKET 27 949 1305 -515 -234 -2449 867 1506 0 0 1764 1598 0
111 LOG_DATAPACKET 28 -635 576 -253 -664 -2899 1579 1506 0 0 1764 1598 0
111 LOG_DATAPACKET 29 2601 -127 1146 1091 -981 2184 1506 0 0 1763 1598 0
111 LOG_DATAPACKET 30 -187 878 -739 -16 -772 2218 1506 0 0 1763 1598 0
111 LOG_DATAPACKET 31 1640 -901 127 1827 1263 1566 1506 0 0 1763 1598 0
111 LOG_DATAPACKET 32 2770 -113 1410 1747 1913 668 1506 0 0 1763 1598 0
111 LOG_DATAPACKET 33 3024 -370 -2169 2036 2418 -515 1506 0 0 1763 1598 0
111 LOG_DATAPACKET 34 5193 -2471 3699 3240 2578 -1318 1506 0 0 1763 1598 0
111 LOG_DATAPACKET 35 3238 1699 2563 962 2783 -1597 1506 0 0 1763 1598 0
111 LOG_DATAPACKET 36 4006 262 3261 -216 1873 -567 1506 0 0 1763 1598 0
111 LOG_DATAPACKET 37 1377 1587 1460 -2673 -1166 -87 1506 0 0 1763 1598 0
111 LOG_DATAPACKET 38 5965 -1558 3520 -1897 -883 153 1506 0 0 1763 1598 0
111 LOG_DATAPACKET 39 2606 458 119 -2648 -2387 1310 1506 0 0 1763 1598 0
111 LOG_DATAPACKET 40 4598 -1159 2948 -2426 -3277 2237 1506 0 0 1763 1598 0
111 LOG_DATAPACKET 41 229 553 1226 -2441 -3372 1988 1506 0 0 1763 1598 0
111 LOG_DATAPACKET 42 2241 -1321 4520 -1347 -3606 1679 1506 0 0 1763 1598 0
111 LOG_DATAPACKET 43 1255 1263 -104 -446 -2276 605 1506 0 0 1763 1598 0
111 LOG_DATAPACKET 44 4085 396 1676 -753 -1259 -107 1506 0 0 1763 1598 0
111 LOG_DATAPACKET 45 2609 484 79 624 180 -963 1506 0 0 1763 1598 0
111 LOG_DATAPACKET 46 901 764 734 98 -116 -850 1506 0 0 1763 1598 0
111 LOG_DATAPACKET 47 -798 -448 -754 327 -909 -503 1506 0 0 1763 1598 0
111 LOG_DATAPACKET 48 249 -1973 2120 2002 -1739 155 1506 0 0 1763 1598 0
111 LOG_DATAPACKET 49 788 923 -1438 2664 -534 723 1506 0 0 1763 1598 0
111 LOG_DATAPACKET 50 -699 1140 -1642 737 -951 1735 1506 0 0 1763 1598 0
111 LOG_DATAPACKET 51 2373 217 974 1064 -399 1954 1506 0 0 1763 1598 0
111 LOG_DATAPACKET 52 -876 722 -1670 -441 -1512 984 1506 0 0 1763 1598 0
111 LOG_DATAPACKET 53 1349 -90 69 271 -1120 -66 1506 0 0 1763 1598 0
111 LOG_DATAPACKET 54 1517 -1521 3033 775 -513 -531 1506 0 0 1763 1598 0
111 LOG_DATAPACKET 55 1025 -208 452 2260 627 -943 1506 0 0 1763 1598 0
111 LOG_DATAPACKET 56 528 -19 -102 2053 -481 -1072 1506 0 0 1763 1598 0
111 LOG_DATAPACKET 57 -1476 2504 -6589 -113 -2427 -1800 1506 0 0 1763 1598 0
111 LOG_DATAPACKET 58 3309 -519 2914 1545 -958 -1336 1506 0 0 1763 1598 0
111 LOG_DATAPACKET 59 1934 421 1729 2504 1632 628 1506 0 0 1763 1598 0
111 LOG_DATAPACKET 60 302 180 1561 3730 2617 2622 1506 0 0 1763 1598 0
111 LOG_DATAPACKET 61 -17 356 -660 2461 2128 2826 1506 0 0 1763 1598 0
111 LOG_DATAPACKET 62 3748 437 -88 3584 3080 2618 1506 0 0 1763 1598 0
111 LOG_DATAPACKET 63 4575 1246 1631 1422 2706 2034 1506 0 0 1763 1598 0
111 LOG_DATAPACKET 64 4935 -416 1118 2370 2761 876 1506 0 0 1763 1598 0
111 LOG_DATAPACKET 65 1504 -1989 5527 2288 123 -956 1506 0 0 1763 1598 0
111 LOG_DATAPACKET 66 1784 -926 1531 3914 -306 -1684 1506 0 0 1763 1598 0
111 LOG_DATAPACKET 67 -677 726 2955 1042 -3101 -341 1506 0 0 1763 1598 0
111 LOG_DATAPACKET 68 1843 943 -775 259 -2317 456 1506 0 0 1763 1598 0
111 LOG_DATAPACKET 69 1763 -513 2919 -815 -2540 1350 1506 0 0 1763 1598 0
111 LOG_DATAPACKET 70 -213 1054 -1419 418 -1140 1989 1506 0 0 1763 1598 0
111 LOG_DATAPACKET 71 708 -399 1581 -526 -1248 2333 1506 0 0 1763 1598 0
111 LOG_DATAPACKET 72 883 -518 675 505 -87 1831 1506 0 0 1763 1598 0
111 LOG_DATAPACKET 74 3491 859 -2274 1402 2467 174 1508 0 0 1763 1602 0
111 LOG_DATAPACKET 75 4732 -2240 1714 2874 2409 -785 1508 0 0 1763 1602 0
111 LOG_DATAPACKET 76 3794 1365 1922 1998 2912 -1443 1508 0 0 1763 1602 0
111 LOG_DATAPACKET 77 4241 -312 6240 1968 2767 -972 1508 0 0 1763 1602 0
111 LOG_DATAPACKET 78 562 1854 2099 -308 98 -300 1508 0 0 1763 1602 0
111 LOG_DATAPACKET 79 4863 -906 2336 -477 -601 250 1508 0 0 1763 1602 0
111 LOG_DATAPACKET 80 4073 539 665 -1375 -1337 987 1508 0 0 1763 1602 0
111 LOG_DATAPACKET 81 5042 -1220 1866 -1139 -2435 2400 1508 0 0 1763 1602 0
111 LOG_DATAPACKET 82 1580 868 1269 -2343 -3474 2558 1508 0 0 1763 1602 0
111 LOG_DATAPACKET 83 1664 -1745 4140 -1218 -3760 1951 1508 0 0 1763 1602 0
111 LOG_DATAPACKET 84 611 -348 1222 -122 -3253 1302 1508 0 0 1763 1602 0
111 LOG_DATAPACKET 85 3429 486 1527 -1011 -2413 758 1507 0 0 1763 1598 0
111 LOG_DATAPACKET 86 3569 -14 181 -262 -387 -74 1507 0 0 1763 1598 0
111 LOG_DATAPACKET 87 2093 1170 -200 -796 -97 -505 1507 0 0 1763 1598 0
111 LOG_DATAPACKET 88 727 160 -225 -1042 -307 -731 1507 0 0 1763 1598 0
111 LOG_DATAPACKET 89 -983 -1357 1468 -115 -1424 -403 1507 0 0 1763 1598 0
111 LOG_DATAPACKET 90 448 -101 194 1193 -1000 282 1507 0 0 1763 1598 0
111 LOG_DATAPACKET 91 563 -192 804 169 -1516 1370 1507 0 0 1763 1598 0
111 LOG_DATAPACKET 92 1495 816 -1970 920 -276 1770 1507 0 0 1763 1598 0
111 LOG_DATAPACKET 93 822 181 -28 -468 -1611 1663 1507 0 0 1763 1598 0
111 LOG_DATAPACKET 94 2176 -180 347 255 -1113 1074 1507 0 0 1763 1598 0
111 LOG_DATAPACKET 95 132 -307 87 -75 -1298 242 1507 0 0 1763 1598 0
111 LOG_DATAPACKET 96 -70 52 -313 1623 -232 -783 1505 0 0 1763 1598 0
111 LOG_DATAPACKET 97 1038 -914 2258 2387 -158 -705 1505 0 0 1763 1598 0
111 LOG_DATAPACKET 98 -1251 1689 -4695 2065 -1632 -1121 1505 0 0 1763 1598 0
111 LOG_DATAPACKET 99 1354 678 -1046 1194 -2200 -1240 1505 0 0 1763 1598 0
111 LOG_DATAPACKET 100 1732 1163 -481 1472 -440 -498 1505 0 0 1763 1598 0
111 LOG_DATAPACKET 101 2668 -705 4570 3385 2053 1520 1505 0 0 1763 1598 0
111 LOG_DATAPACKET 102 -1468 769 -1992 2223 1471 2583 1505 0 0 1763 1598 0
111 LOG_DATAPACKET 103 2221 -745 1664 3113 2605 2777 1505 0 0 1763 1598 0
111 LOG_DATAPACKET 104 2722 1761 -540 959 3087 2649 1505 0 0 1763 1598 0
111 LOG_DATAPACKET 105 5640 20 2786 1501 3053 2389 1505 0 0 1763 1598 0
111 LOG_DATAPACKET 106 2397 157 596 531 2100 222 1505 0 0 1763 1598 0
111 LOG_DATAPACKET 107 4027 -2635 3843 2926 197 -1175 1505 0 0 1763 1600 0
111 LOG_DATAPACKET 108 -631 524 3298 1592 -2048 -1014 1505 0 0 1763 1600 0
111 LOG_DATAPACKET 109 2267 273 990 1133 -1952 121 1505 0 0 1763 1600 0
111 LOG_DATAPACKET 110 -173 669 1777 -579 -3074 728 1505 0 0 1763 1600 0
111 LOG_DATAPACKET 111 1864 670 1091 348 -1554 1445 1505 0 0 1763 1600 0
111 LOG_DATAPACKET 112 -319 -133 847 -244 -2154 2151 1505 0 0 1763 1600 0
111 LOG_DATAPACKET 113 368 645 -1013 1046 -712 2212 1505 0 0 1763 1600 0
111 LOG_DATAPACKET 114 2141 -1804 1318 803 199 2159 1505 0 0 1763 1600 0
111 LOG_DATAPACKET 115 3077 -956 241 1944 2039 1675 1505 0 0 1763 1600 0
111 LOG_DATAPACKET 116 3357 197 -189 1348 2138 388 1505 0 0 1763 1600 0
111 LOG_DATAPACKET 117 3693 -1097 -1501 2480 2717 -1013 1505 0 0 1763 1600 0
111 LOG_DATAPACKET 118 5021 -1022 6765 2501 2732 -1289 1505 0 0 1763 1600 0
111 LOG_DATAPACKET 119 2294 2084 2141 344 3225 -1057 1505 0 0 1763 1598 0
111 LOG_DATAPACKET 120 2923 -141 3952 -742 112 184 1505 0 0 1763 1598 0
111 LOG_DATAPACKET 121 3304 727 -168 -1727 -346 -109 1505 0 0 1763 1598 0
111 LOG_DATAPACKET 122 6516 -1484 3379 -1437 -1050 1015 1505 0 0 1763 1598 0
111 LOG_DATAPACKET 123 2177 625 -289 -2189 -2715 2402 1505 0 0 1763 1598 0
111 LOG_DATAPACKET 124 2854 -461 3662 -2438 -4155 2548 1505 0 0 1763 1598 0
111 LOG_DATAPACKET 125 836 -1548 2530 -735 -3830 1559 1505 0 0 1763 1598 0
111 LOG_DATAPACKET 126 1598 720 2408 -894 -3231 1534 1505 0 0 1763 1598 0
111 LOG_DATAPACKET 127 3439 -188 1107 -549 -1343 685 1505 0 0 1763 1598 0
111 LOG_DATAPACKET 128 3061 1212 -460 -357 -460 -7 1505 0 0 1763 1598 0
111 LOG_DATAPACKET 129 2499 351 744 -673 -12 -552 1505 0 0 1763 1598 0
111 LOG_DATAPACKET 130 -440 79 -1311 -336 -360 -479 1505 0 0 1763 1598 0
111 LOG_DATAPACKET 131 797 -813 2068 29 -909 64 1505 0 0 1763 1598 0
111 LOG_DATAPACKET 132 -1176 -964 -969 1007 -1280 647 1505 0 0 1763 1598 0
111 LOG_DATAPACKET 133 2514 338 1352 1287 -1322 1536 1505 0 0 1763 1598 0
111 LOG_DATAPACKET 134 -536 607 -1932 -352 -1185 1819 1505 0 0 1763 1598 0
111 LOG_DATAPACKET 135 2190 -154 15 539 -1072 1649 1505 0 0 1763 1598 0
111 LOG_DATAPACKET 136 -180 184 -1353 -787 -1515 822 1505 0 0 1763 1598 0
111 LOG_DATAPACKET 137 2205 -1145 2355 151 -1186 489 1505 0 0 1763 1598 0
111 LOG_DATAPACKET 138 561 -170 -405 462 -208 -335 1505 0 0 1763 1598 0
111 LOG_DATAPACKET 139 2225 -1644 3189 3230 515 -513 1505 0 0 1763 1598 0
111 LOG_DATAPACKET 140 -1910 1759 -4093 965 -1548 -807 1505 0 0 1763 1598 0
111 LOG_DATAPACKET 141 442 1663 -3122 452 -2311 -1217 1505 0 0 1763 1598 0
111 LOG_DATAPACKET 142 3479 -476 2287 1367 -180 -449 1505 0 0 1763 1598 0
111 LOG_DATAPACKET 143 1763 650 1340 3142 2341 1567 1505 0 0 1763 1598 0
111 LOG_DATAPACKET 144 -86 -1078 2276 3171 1900 3355 1505 0 0 1763 1598 0
111 LOG_DATAPACKET 145 -277 1310 -3307 2343 2174 2658 1505 0 0 1763 1598 0
111 LOG_DATAPACKET 146 5370 -407 3606 2183 2916 2546 1505 0 0 1763 1598 0
111 LOG_DATAPACKET 147 3591 617 281 -50 2567 1258 1505 0 0 1763 1598 0
111 LOG_DATAPACKET 148 5016 -2585 5372 1794 1255 132 1505 0 0 1763 1598 0
111 LOG_DATAPACKET 149 1562 -1124 -131 3247 1552 -1626 1505 0 0 1763 1598 0
111 LOG_DATAPACKET 150 1812 -1130 5975 2341 -1320 -945 1505 0 0 1763 1598 0
111 LOG_DATAPACKET 151 -714 1582 -1424 776 -1227 45 1505 0 0 1763 1598 0
111 LOG_DATAPACKET 152 2848 144 3992 -652 -2926 1004 1505 0 0 1763 1598 0
111 LOG_DATAPACKET 153 -369 788 -1013 -327 -1688 962 1505 0 0 1763 1598 0
111 LOG_DATAPACKET 154 2038 -1416 3000 618 -1554 2146 1505 0 0 1763 1598 0
111 LOG_DATAPACKET 155 -1502 1613 -2204 43 -1177 2207 1505 0 0 1763 1598 0
111 LOG_DATAPACKET 156 2187 -1513 1718 766 326 2161 1505 0 0 1763 1598 0
111 LOG_DATAPACKET 157 2096 527 -996 655 1219 1100 1505 0 0 1763 1598 0
111 LOG_DATAPACKET 158 4320 -749 175 1545 2642 330 1505 0 0 1763 1598 0
111 LOG_DATAPACKET 159 3243 -415 -1134 1853 2570 -941 1505 0 0 1763 1598 0
111 LOG_DATAPACKET 160 5225 -1842 4460 3319 3558 -1062 1505 0 0 1763 1598 0
111 LOG_DATAPACKET 161 2086 2168 3241 152 2475 -773 1505 0 0 1763 1598 0
111 LOG_DATAPACKET 162 3641 278 3058 -442 1580 112 1505 0 0 1763 1598 0
111 LOG_DATAPACKET 163 2385 1431 2354 -2236 -1014 154 1505 0 0 1763 1598 0
111 LOG_DATAPACKET 164 6510 -1841 2253 -630 -463 454 1505 0 0 1763 1600 0
111 LOG_DATAPACKET 165 2635 464 52 -1661 -2718 1800 1505 0 0 1763 1600 0
111 LOG_DATAPACKET 166 4149 -1131 2735 -1458 -2951 2397 1505 0 0 1763 1600 0
111 LOG_DATAPACKET 167 1 136 1340 -1715 -3914 2281 1505 0 0 1763 1600 0
111 LOG_DATAPACKET 168 2667 -586 3489 -896 -3193 1577 1505 0 0 1763 1600 0
111 LOG_DATAPACKET 169 2299 637 100 -669 -1537 649 1505 0 0 1763 1600 0
111 LOG_DATAPACKET 170 3530 474 1665 -641 -1006 201 1505 0 0 1763 1600 0
111 LOG_DATAPACKET 171 2049 305 -354 -266 47 -303 1505 0 0 1763 1600 0
111 LOG_DATAPACKET 172 532 602 140 -873 -511 -225 1505 0 0 1763 1600 0
111 LOG_DATAPACKET 173 58 -560 81 -776 -730 -105 1505 0 0 1763 1600 0
111 LOG_DATAPACKET 174 279 -1847 921 586 -1458 262 1505 0 0 1763 1600 0
111 LOG_DATAPACKET 175 941 550 173 1720 -754 823 1507 0 0 1763 1600 0
111 LOG_DATAPACKET 176 697 -587 1246 1 -861 1727 1507 0 0 1763 1600 0
111 LOG_DATAPACKET 177 446 1122 -3094 487 -324 1621 1507 0 0 1763 1600 0
111 LOG_DATAPACKET 178 1078 127 610 -1164 -1815 846 1507 0 0 1763 1600 0
111 LOG_DATAPACKET 179 537 56 -1653 -188 -858 -265 1507 0 0 1763 1600 0
111 LOG_DATAPACKET 180 1171 -1023 1469 312 -466 -448 1507 0 0 1763 1600 0
111 LOG_DATAPACKET 181 1726 -808 1465 2618 820 -771 1507 0 0 1763 1600 0
111 LOG_DATAPACKET 182 -473 -255 -960 2125 -909 -712 1507 0 0 1763 1600 0
111 LOG_DATAPACKET 183 -1209 1552 -5117 1140 -2533 -1309 1507 0 0 1763 1600 0
111 LOG_DATAPACKET 184 3435 -516 2391 1779 -783 -871 1507 0 0 1763 1600 0
111 LOG_DATAPACKET 185 2062 370 106 2539 1472 668 1507 0 0 1763 1600 0
111 LOG_DATAPACKET 186 1437 -864 2497 3658 2267 2330 1507 0 0 1763 1599 0
111 LOG_DATAPACKET 187 -1002 862 -2637 1954 1775 2418 1507 0 0 1763 1599 0
111 LOG_DATAPACKET 188 3851 -675 2622 2548 2847 2302 1507 0 0 1763 1599 0
111 LOG_DATAPACKET 189 3260 1520 -1279 162 2493 1651 1507 0 0 1763 1599 0
111 LOG_DATAPACKET 190 6183 -1788 4054 1505 2580 290 1507 0 0 1763 1599 0
111 LOG_DATAPACKET 191 920 -675 1235 1345 536 -1516 1507 0 0 1763 1599 0
111 LOG_DATAPACKET 192 3291 -1610 4074 2196 -436 -1734 1507 0 0 1763 1599 0
111 LOG_DATAPACKET 193 -1422 1602 96 56 -1420 -1132 1507 0 0 1763 1599 0
111 LOG_DATAPACKET 194 3927 -136 2291 -401 -2232 279 1507 0 0 1763 1599 0
111 LOG_DATAPACKET 195 -424 536 -74 -774 -2105 566 1507 0 0 1763 1599 0
111 LOG_DATAPACKET 196 1760 -67 2153 631 -1339 1496 1507 0 0 1763 1599 0
111 LOG_DATAPACKET 197 -1382 645 -763 -337 -1919 1748 1507 0 0 1763 1599 0
111 LOG_DATAPACKET 198 1096 29 913 1369 126 1603 1507 0 0 1763 1599 0
111 LOG_DATAPACKET 199 2220 -421 850 970 780 1341 1507 0 0 1763 1599 0
111 LOG_DATAPACKET 200 3859 888 -2573 2136 2807 36 1507 0 0 1763 1599 0
111 LOG_DATAPACKET 201 4409 -2727 2012 3140 2335 -1061 1507 0 0 1763 1599 0
111 LOG_DATAPACKET 202 4339 -1932 1197 4278 3131 -1571 1507 0 0 1763 1599 0
111 LOG_DATAPACKET 203 3114 894 5554 2011 2449 -1031 1507 0 0 1763 1599 0
111 LOG_DATAPACKET 204 2687 871 994 502 2509 -299 1507 0 0 1763 1599 0
111 LOG_DATAPACKET 205 2796 441 3461 -1149 -1007 78 1507 0 0 1763 1599 0
111 LOG_DATAPACKET 206 5191 -301 535 -699 -55 -350 1507 0 0 1763 1599 0
111 LOG_DATAPACKET 207 4324 -657 1781 -1009 -2275 959 1507 0 0 1763 1599 0
111 LOG_DATAPACKET 208 3303 -704 1324 -1009 -2558 1849 1507 0 0 1763 1599 0
111 LOG_DATAPACKET 209 1031 119 2793 -1923 -3714 2037 1505 0 0 1763 1598 0
111 LOG_DATAPACKET 210 1915 -1571 2689 -276 -3282 1399 1505 0 0 1763 1598 0
111 LOG_DATAPACKET 211 1865 1398 81 -655 -1951 739 1505 0 0 1763 1598 0
111 LOG_DATAPACKET 212 4001 -483 1936 33 -783 -154 1505 0 0 1763 1598 0
111 LOG_DATAPACKET 213 1888 755 -995 632 48 -566 1505 0 0 1763 1598 0
111 LOG_DATAPACKET 214 1695 584 704 -248 -261 -679 1505 0 0 1763 1598 0
111 LOG_DATAPACKET 215 -395 -612 -1390 226 -397 -466 1505 0 0 1763 1598 0
111 LOG_DATAPACKET 216 1036 -1275 1867 1265 -1155 127 1505 0 0 1763 1598 0
111 LOG_DATAPACKET 217 -586 47 -942 1818 -849 647 1505 0 0 1763 1598 0
111 LOG_DATAPACKET 218 1936 -1401 3298 1649 -1050 1524 1505 0 0 1763 1598 0
111 LOG_DATAPACKET 219 -1070 1205 -4254 1088 -531 1455 1505 0 0 1763 1598 0
111 LOG_DATAPACKET 220 2356 -386 395 -154 -1780 1246 1505 0 0 1763 1599 0
111 LOG_DATAPACKET 221 31 394 -1601 -504 -930 248 1505 0 0 1763 1599 0
111 LOG_DATAPACKET 222 3011 -1365 3073 870 -82 -1 1505 0 0 1763 1599 0
111 LOG_DATAPACKET 223 265 -868 1089 1238 499 -673 1505 0 0 1763 1599 0
111 LOG_DATAPACKET 224 1078 -1580 1654 2595 93 -787 1505 0 0 1763 1599 0
111 LOG_DATAPACKET 225 -2007 1555 -5997 720 -2363 -1488 1505 0 0 1763 1599 0
111 LOG_DATAPACKET 226 3193 -374 203 1615 -1312 -1269 1505 0 0 1763 1599 0
111 LOG_DATAPACKET 227 2172 4 2177 2239 625 319 1505 0 0 1763 1599 0
111 LOG_DATAPACKET 228 775 99 1107 3561 2158 1955 1505 0 0 1763 1599 0
111 LOG_DATAPACKET 229 -685 703 -1286 1773 1149 2480 1505 0 0 1763 1599 0
111 LOG_DATAPACKET 230 2535 555 -267 2301 2324 1977 1505 0 0 1763 1599 0
111 LOG_DATAPACKET 231 5073 107 3169 1462 2887 1715 1505 0 0 1763 1599 0
111 LOG_DATAPACKET 232 4526 -293 106 2116 3874 835 1505 0 0 1763 1599 0
111 LOG_DATAPACKET 233 1520 -2092 3763 2414 562 -624 1505 0 0 1763 1599 0
111 LOG_DATAPACKET 234 2561 -1127 923 3584 628 -2229 1505 0 0 1763 1599 0
111 LOG_DATAPACKET 235 523 938 4040 954 -2167 -779 1505 0 0 1763 1599 0
111 LOG_DATAPACKET 236 2661 416 -405 640 -1324 -316 1505 0 0 1763 1599 0
111 LOG_DATAPACKET 237 666 -168 3827 -173 -2474 226 1505 0 0 1763 1599 0
111 LOG_DATAPACKET 238 -35 925 -722 808 -1226 634 1505 0 0 1763 1599 0
111 LOG_DATAPACKET 239 290 -621 1778 57 -2250 1629 1505 0 0 1763 1599 0
111 LOG_DATAPACKET 240 -78 1159 -1281 852 -460 1503 1505 0 0 1763 1599 0
111 LOG_DATAPACKET 241 2976 -1767 1564 1443 551 1583 1505 0 0 1763 1599 0
111 LOG_DATAPACKET 242 2646 1224 -1953 1795 2212 404 1505 0 0 1763 1599 0
111 LOG_DATAPACKET 243 4036 -1899 457 3388 2876 -872 1506 0 0 1763 1598 0
111 LOG_DATAPACKET 244 3613 -364 2090 3189 2595 -1507 1506 0 0 1763 1598 0
111 LOG_DATAPACKET 245 4995 -723 5951 3292 3282 -1322 1506 0 0 1763 1598 0
111 LOG_DATAPACKET 246 1891 1905 1074 827 2728 -1005 1506 0 0 1763 1598 0
111 LOG_DATAPACKET 247 3934 -773 4055 512 141 -234 1506 0 0 1763 1598 0
111 LOG_DATAPACKET 248 3137 950 845 -642 -316 -390 1506 0 0 1763 1598 0
111 LOG_DATAPACKET 249 3567 -761 258 -435 -1158 1188 1506 0 0 1763 1598 0
111 LOG_DATAPACKET 250 1558 526 -575 -1462 -3017 1885 1506 0 0 1763 1598 0
111 LOG_DATAPACKET 251 3230 -978 3255 -1324 -3315 1974 1506 0 0 1763 1598 0
111 LOG_DATAPACKET 252 946 -1047 1281 -335 -2978 1594 1506 0 0 1763 1598 0
111 LOG_DATAPACKET 253 2223 490 2037 -669 -2108 1385 1506 0 0 1763 1598 0
111 LOG_DATAPACKET 254 2867 -433 1058 75 -313 320 1505 0 0 1763 1598 0
111 LOG_DATAPACKET 255 2585 1180 -186 -187 284 -566 1505 0 0 1763 1598 0
111 LOG_DATAPACKET 256 2261 95 375 -200 589 -884 1505 0 0 1763 1598 0
111 LOG_DATAPACKET 257 -70 -127 -924 -144 -105 -828 1505 0 0 1763 1598 0
111 LOG_DATAPACKET 258 961 -838 1631 377 -254 -426 1505 0 0 1763 1598 0
111 LOG_DATAPACKET 259 -934 -681 251 1084 -823 257 1505 0 0 1763 1598 0
111 LOG_DATAPACKET 260 1975 449 109 1388 -387 1159 1505 0 0 1763 1598 0
111 LOG_DATAPACKET 261 -303 -181 -1024 -54 -1134 1571 1505 0 0 1763 1598 0
111 LOG_DATAPACKET 262 1675 581 -791 812 -409 1292 1505 0 0 1763 1598 0
111 LOG_DATAPACKET 263 455 -218 197 -602 -1089 871 1505 0 0 1763 1598 0
111 LOG_DATAPACKET 264 790 43 -576 564 -373 64 1505 0 0 1763 1598 0
111 LOG_DATAPACKET 265 2607 -2439 5374 1871 695 -677 1507 0 0 1763 1598 0
111 LOG_DATAPACKET 266 -1507 1318 -4604 2959 728 -1283 1507 0 0 1763 1598 0
111 LOG_DATAPACKET 267 -1264 1146 -3959 1486 -1538 -1404 1507 0 0 1763 1598 0
111 LOG_DATAPACKET 268 1378 691 -3904 1613 -1596 -2094 1507 0 0 1763 1598 0
111 LOG_DATAPACKET 269 4426 -1833 4898 3504 1166 -613 1507 0 0 1763 1598 0
111 LOG_DATAPACKET 270 -521 1312 -693 3444 2037 1574 1507 0 0 1763 1598 0
111 LOG_DATAPACKET 271 -440 -31 1163 2926 1419 2587 1507 0 0 1763 1598 0
111 LOG_DATAPACKET 272 655 769 -2564 2190 2174 1899 1507 0 0 1763 1598 0
111 LOG_DATAPACKET 273 6400 -856 4391 3119 3542 2325 1507 0 0 1763 1598 0
111 LOG_DATAPACKET 274 3046 1472 -2486 1035 3468 1466 1507 0 0 1763 1598 0
111 LOG_DATAPACKET 275 4225 -3305 4942 3211 1706 -312 1507 0 0 1763 1598 0
111 LOG_DATAPACKET 276 299 -500 475 3086 313 -2406 1505 0 0 1763 1599 0
111 LOG_DATAPACKET 277 3051 -601 4426 2555 -919 -1456 1505 0 0 1763 1599 0
111 LOG_DATAPACKET 278 -519 1603 -1345 -19 -1992 -689 1505 0 0 1763 1599 0
111 LOG_DATAPACKET 279 3533 81 3035 283 -1991 -112 1505 0 0 1763 1599 0
111 LOG_DATAPACKET 280 -1358 305 -439 222 -1841 190 1505 0 0 1763 1599 0
111 LOG_DATAPACKET 281 1176 -222 1352 1444 -1045 1667 1505 0 0 1763 1599 0
111 LOG_DATAPACKET 282 -662 270 -492 237 -1061 2141 1505 0 0 1763 1599 0
111 LOG_DATAPACKET 283 2525 -577 339 2436 1403 2056 1505 0 0 1763 1599 0
111 LOG_DATAPACKET 284 3086 145 327 1804 2024 835 1505 0 0 1763 1599 0
111 LOG_DATAPACKET 285 3190 60 -2381 2486 2986 -553 1505 0 0 1763 1599 0
111 LOG_DATAPACKET 286 5372 -2761 3822 3374 2570 -1561 1505 0 0 1763 1599 0
111 LOG_DATAPACKET 287 2951 1639 1104 2394 3883 -1800 1505 0 0 1763 1599 0
111 LOG_DATAPACKET 288 3984 -453 3459 822 1917 -801 1505 0 0 1763 1598 0
111 LOG_DATAPACKET 289 1938 1499 1121 -954 552 -545 1505 0 0 1763 1598 0
111 LOG_DATAPACKET 290 4079 -36 3689 -1429 -762 -236 1505 0 0 1763 1598 0
111 LOG_DATAPACKET 291 4537 -800 310 -626 -336 382 1505 0 0 1763 1598 0
111 LOG_DATAPACKET 292 2488 490 1661 -2218 -3165 2023 1505 0 0 1763 1598 0
111 LOG_DATAPACKET 293 2873 -717 2918 -1579 -2780 1807 1505 0 0 1763 1598 0
111 LOG_DATAPACKET 294 782 -181 2243 -1204 -3259 1853 1505 0 0 1763 1598 0
111 LOG_DATAPACKET 295 2579 -581 1853 -209 -1895 1197 1505 0 0 1763 1598 0
111 LOG_DATAPACKET 296 2462 743 -375 100 -594 218 1505 0 0 1763 1598 0
111 LOG_DATAPACKET 297 3776 -313 1581 1071 247 -624 1505 0 0 1763 1598 0
111 LOG_DATAPACKET 298 1080 769 -1397 1063 517 -722 1505 0 0 1763 1598 0
111 LOG_DATAPACKET 299 1043 97 728 241 -271 -603 1505 0 0 1763 1599 0
111 LOG_DATAPACKET 300 -553 -1186 783 1652 -740 -168 1505 0 0 1763 1599 0
111 LOG_DATAPACKET 301 1496 -849 2604 2090 -877 187 1505 0 0 1763 1599 0
111 LOG_DATAPACKET 302 -813 1037 -2544 1499 -563 701 1505 0 0 1763 1599 0
111 LOG_DATAPACKET 303 2397 -1559 2481 1142 -1031 1513 1505 0 0 1763 1599 0
111 LOG_DATAPACKET 304 -1063 669 -3335 1194 -613 918 1505 0 0 1763 1599 0
111 LOG_DATAPACKET 305 2047 -300 1042 418 -1132 843 1505 0 0 1763 1599 0
111 LOG_DATAPACKET 306 313 -137 -618 -225 -455 134 1505 0 0 1763 1599 0
111 LOG_DATAPACKET 307 2797 -1498 3047 2532 917 -485 1505 0 0 1763 1599 0
111 LOG_DATAPACKET 308 -624 291 -1118 2052 508 -939 1505 0 0 1763 1599 0
111 LOG_DATAPACKET 309 -1110 937 -4603 2060 -1445 -1372 1505 0 0 1763 1599 0
111 LOG_DATAPACKET 310 -159 1078 -4652 828 -2091 -1932 1505 0 0 1763 1600 0
111 LOG_DATAPACKET 311 3850 -1046 3510 3202 544 -906 1505 0 0 1763 1600 0
111 LOG_DATAPACKET 312 1339 -29 2426 3189 1811 1412 1505 0 0 1763 1600 0
111 LOG_DATAPACKET 313 -997 1336 -1703 2871 1843 2071 1505 0 0 1763 1600 0
111 LOG_DATAPACKET 314 1432 -550 1063 2391 1724 1848 1505 0 0 1763 1600 0
111 LOG_DATAPACKET 315 3234 1259 -354 2406 2964 1857 1505 0 0 1763 1600 0
111 LOG_DATAPACKET 316 5416 -403 2907 1126 2886 1731 1505 0 0 1763 1600 0
111 LOG_DATAPACKET 317 3246 -935 -392 2434 2820 -330 1505 0 0 1763 1600 0
111 LOG_DATAPACKET 318 1820 -2151 6145 3285 -385 -1292 1505 0 0 1763 1600 0
111 LOG_DATAPACKET 319 813 694 -817 2155 -248 -1768 1505 0 0 1763 1600 0
111 LOG_DATAPACKET 320 1413 284 3824 343 -2623 -448 1505 0 0 1763 1600 0
111 LOG_DATAPACKET 321 937 880 -812 23 -1847 -264 1505 0 0 1763 1599 0
111 LOG_DATAPACKET 322 2019 -1125 3563 859 -1673 1061 1505 0 0 1763 1599 0
111 LOG_DATAPACKET 323 -1342 1581 -1507 679 -1219 1307 1505 0 0 1763 1599 0
111 LOG_DATAPACKET 324 1076 -851 1803 302 -1082 2096 1505 0 0 1763 1599 0
111 LOG_DATAPACKET 325 778 34 -708 1036 214 1400 1505 0 0 1763 1599 0
111 LOG_DATAPACKET 326 3959 -108 -518 2345 2065 868 1505 0 0 1763 1599 0
111 LOG_DATAPACKET 327 3295 -856 -39 1907 2423 -432 1505 0 0 1763 1599 0
111 LOG_DATAPACKET 328 4229 -1294 170 4036 2984 -1238 1505 0 0 1763 1599 0
111 LOG_DATAPACKET 329 4132 570 5949 1923 2909 -1482 1505 0 0 1763 1599 0
111 LOG_DATAPACKET 330 2117 1144 30 1271 3069 -905 1505 0 0 1763 1599 0
111 LOG_DATAPACKET 331 3399 135 4152 -822 -557 -415 1505 0 0 1763 1599 0
111 LOG_DATAPACKET 332 5243 -992 1858 -338 191 -580 1505 0 0 1763 1599 0
111 LOG_DATAPACKET 333 3874 -283 1267 -573 -1004 177 1505 0 0 1763 1598 0
111 LOG_DATAPACKET 334 4252 -620 1486 -816 -2078 1863 1505 0 0 1763 1598 0
111 LOG_DATAPACKET 335 1350 758 1506 -2101 -3248 2191 1505 0 0 1763 1598 0
111 LOG_DATAPACKET 336 2237 -1578 3698 -567 -3069 1636 1505 0 0 1763 1598 0
111 LOG_DATAPACKET 337 1006 937 662 -403 -2443 1007 1505 0 0 1763 1598 0
111 LOG_DATAPACKET 338 3567 -55 1746 -250 -1334 349 1505 0 0 1763 1598 0
111 LOG_DATAPACKET 339 3029 -235 -581 1058 173 -450 1505 0 0 1763 1598 0
111 LOG_DATAPACKET 340 1802 721 32 238 -138 -615 1505 0 0 1763 1598 0
111 LOG_DATAPACKET 341 375 -173 -257 436 -53 -576 1505 0 0 1763 1598 0
111 LOG_DATAPACKET 342 -309 -982 1670 1098 -809 -176 1505 0 0 1763 1598 0
111 LOG_DATAPACKET 343 539 40 -150 1446 -132 218 1505 0 0 1763 1598 0
111 LOG_DATAPACKET 344 945 -903 1258 782 -756 1105 1505 0 0 1763 1598 0
111 LOG_DATAPACKET 345 402 794 -2554 1264 -39 1355 1505 0 0 1763 1598 0
111 LOG_DATAPACKET 346 1086 -606 862 -436 -1369 1148 1505 0 0 1763 1598 0
111 LOG_DATAPACKET 347 4 500 -2542 -85 -877 380 1505 0 0 1763 1598 0
111 LOG_DATAPACKET 348 2432 -1216 3366 53 -814 180 1505 0 0 1763 1598 0
111 LOG_DATAPACKET 349 565 352 77 568 428 -992 1505 0 0 1763 1598 0
111 LOG_DATAPACKET 350 996 -647 -35 2320 467 -996 1505 0 0 1763 1598 0
111 LOG_DATAPACKET 351 -1655 1217 -4589 917 -2632 -1717 1505 0 0 1763 1598 0
111 LOG_DATAPACKET 352 2383 -258 -563 2148 -1619 -1829 1505 0 0 1763 1598 0
111 LOG_DATAPACKET 353 3359 -1218 4806 3202 1057 -321 1505 0 0 1763 1598 0
111 LOG_DATAPACKET 354 2164 -732 4343 4805 2517 1489 1505 0 0 1763 1598 0
111 LOG_DATAPACKET 355 -1822 1743 -1753 2656 1424 2330 1505 0 0 1763 1598 0
111 LOG_DATAPACKET 356 1744 65 -30 3341 2316 1827 1505 0 0 1763 1598 0
111 LOG_DATAPACKET 357 3759 609 824 2311 2706 1384 1505 0 0 1763 1598 0
111 LOG_DATAPACKET 358 5357 -40 1950 2721 3630 1057 1505 0 0 1763 1598 0
111 LOG_DATAPACKET 359 1881 -1301 2746 2163 1317 -130 1505 0 0 1763 1598 0
111 LOG_DATAPACKET 360 2679 -2225 2175 4323 690 -1934 1505 0 0 1763 1598 0
111 LOG_DATAPACKET 361 134 167 3879 2381 -1768 -1175 1505 0 0 1763 1598 0
111 LOG_DATAPACKET 362 1937 1077 -397 968 -1418 -336 1505 0 0 1763 1598 0
111 LOG_DATAPACKET 363 1305 458 2841 -506 -2483 451 1505 0 0 1763 1598 0
111 LOG_DATAPACKET 364 690 674 5 -6 -1342 504 1505 0 0 1763 1598 0
111 LOG_DATAPACKET 365 145 -530 1655 75 -1842 1554 1505 0 0 1763 1598 0
111 LOG_DATAPACKET 366 -571 617 -1395 358 -1118 1438 1505 0 0 1763 1598 0
111 LOG_DATAPACKET 367 3139 -2118 1867 1316 490 1609 1505 0 0 1763 1598 0
111 LOG_DATAPACKET 368 2812 1062 -1451 1633 2341 759 1505 0 0 1763 1598 0
111 LOG_DATAPACKET 369 4297 -1429 -1170 2683 2535 -374 1505 0 0 1763 1598 0
111 LOG_DATAPACKET 370 3882 -892 3576 2608 2277 -1427 1505 0 0 1763 1598 0
111 LOG_DATAPACKET 371 3781 1383 2435 2446 3463 -1705 1505 0 0 1763 1598 0
111 LOG_DATAPACKET 372 2364 1226 4635 -547 1261 -950 1505 0 0 1763 1598 0
111 LOG_DATAPACKET 373 3244 218 652 -612 437 -446 1505 0 0 1763 1598 0
111 LOG_DATAPACKET 374 5072 -904 3943 -1311 -1019 -302 1505 0 0 1763 1598 0
111 LOG_DATAPACKET 375 3463 -484 -94 -346 -957 900 1505 0 0 1763 1598 0
111 LOG_DATAPACKET 376 1716 1006 -191 -1839 -2804 1969 1505 0 0 1763 1598 0
111 LOG_DATAPACKET 377 3038 -1117 3890 -1516 -3419 2143 1505 0 0 1763 1598 0
111 LOG_DATAPACKET 378 465 -422 978 -880 -3122 1599 1505 0 0 1763 1598 0
111 LOG_DATAPACKET 379 2556 280 2464 -926 -2305 1112 1505 0 0 1763 1598 0
111 LOG_DATAPACKET 380 2947 -77 669 -142 -603 38 1505 0 0 1763 1598 0
111 LOG_DATAPACKET 381 3479 716 187 -463 211 -813 1505 0 0 1763 1598 0
111 LOG_DATAPACKET 382 1453 66 -65 -228 196 -1113 1505 0 0 1763 1598 0
111 LOG_DATAPACKET 383 -316 -194 587 -304 -758 -855 1505 0 0 1763 1598 0
111 LOG_DATAPACKET 384 79 -343 -233 506 -633 -452 1505 0 0 1763 1598 0
111 LOG_DATAPACKET 385 337 -1103 1539 1440 -1231 454 1505 0 0 1763 1598 0
111 LOG_DATAPACKET 386 1008 1488 -1394 1084 -88 1006 1505 0 0 1763 1598 0
111 LOG_DATAPACKET 387 726 -768 1122 549 -1035 1678 1505 0 0 1763 1598 0
111 LOG_DATAPACKET 388 202 941 -2843 1394 -384 893 1505 0 0 1763 1598 0
111 LOG_DATAPACKET 389 1795 -686 1693 373 -1036 495 1507 0 0 1763 1600 0
111 LOG_DATAPACKET 390 642 187 -505 1212 -189 -433 1507 0 0 1763 1600 0
111 LOG_DATAPACKET 391 2636 -1996 5214 3366 839 -722 1507 0 0 1763 1600 0
111 LOG_DATAPACKET 392 -2278 1462 -3670 3032 39 -1258 1507 0 0 1763 1600 0
111 LOG_DATAPACKET 393 -43 898 -3767 1977 -2077 -1393 1507 0 0 1763 1600 0
111 LOG_DATAPACKET 394 3108 -322 824 1280 -1243 -1479 1507 0 0 1763 1600 0
111 LOG_DATAPACKET 395 2168 148 2001 3812 1849 613 1507 0 0 1763 1600 0
111 LOG_DATAPACKET 396 -6 -804 1939 3068 2198 2509 1507 0 0 1763 1600 0
111 LOG_DATAPACKET 397 -784 833 -3176 2864 2164 2360 1507 0 0 1763 1600 0
111 LOG_DATAPACKET 398 1162 -220 -86 2152 2223 1900 1507 0 0 1763 1600 0
111 LOG_DATAPACKET 399 5172 379 2219 2376 3699 1706 1507 0 0 1763 1600 0
111 LOG_DATAPACKET 400 3673 943 94 -297 2632 969 1507 0 0 1763 1600 0
111 LOG_DATAPACKET 401 4261 -2404 2142 2096 2026 -1204 1507 0 0 1763 1600 0
111 LOG_DATAPACKET 402 2645 -1420 5899 2018 -962 -1875 1507 0 0 1763 1600 0
111 LOG_DATAPACKET 403 1577 -66 1328 1427 -736 -1185 1507 0 0 1763 1600 0
111 LOG_DATAPACKET 404 -378 1225 2172 -1111 -3149 188 1507 0 0 1763 1600 0
111 LOG_DATAPACKET 405 1879 835 35 -559 -1830 335 1507 0 0 1763 1600 0
111 LOG_DATAPACKET 406 1061 -918 2072 534 -1853 1668 1507 0 0 1763 1600 0
111 LOG_DATAPACKET 407 -265 2052 -1488 265 -906 2084 1507 0 0 1763 1600 0
111 LOG_DATAPACKET 408 1390 -1446 1618 1190 172 2376 1507 0 0 1763 1600 0
111 LOG_DATAPACKET 409 1768 367 -934 2025 1481 1394 1507 0 0 1763 1600 0
111 LOG_DATAPACKET 410 3725 -556 -181 2470 2382 462 1507 0 0 1763 1600 0
111 LOG_DATAPACKET 411 3157 -1125 604 2574 2432 -737 1505 0 0 1763 1598 0
111 LOG_DATAPACKET 412 5055 47 2632 3575 3590 -1527 1505 0 0 1763 1598 0
111 LOG_DATAPACKET 413 3423 374 5348 1136 3082 -1553 1505 0 0 1763 1598 0
111 LOG_DATAPACKET 414 2598 874 457 504 2049 -844 1505 0 0 1763 1598 0
111 LOG_DATAPACKET 415 3718 -90 3751 -1709 -855 -408 1505 0 0 1763 1598 0
111 LOG_DATAPACKET 416 4781 -849 737 -735 -85 -128 1505 0 0 1763 1598 0
111 LOG_DATAPACKET 417 2729 332 1751 -2044 -2819 1409 1505 0 0 1763 1598 0
111 LOG_DATAPACKET 418 3026 -103 2257 -2104 -2926 1929 1505 0 0 1763 1598 0
111 LOG_DATAPACKET 419 852 -457 2122 -1534 -3687 1764 1505 0 0 1763 1598 0
111 LOG_DATAPACKET 420 2136 -1238 3465 -637 -3267 1436 1505 0 0 1763 1598 0
111 LOG_DATAPACKET 421 1675 508 657 -91 -1749 745 1505 0 0 1763 1598 0
111 LOG_DATAPACKET 422 3390 330 1499 82 -694 -28 1505 0 0 1763 1598 0
111 LOG_DATAPACKET 423 3088 491 -42 786 532 -791 1506 0 0 1763 1598 0
111 LOG_DATAPACKET 424 611 823 -559 128 -358 -864 1506 0 0 1763 1598 0
111 LOG_DATAPACKET 425 904 -261 -144 387 -346 -855 1506 0 0 1763 1598 0
111 LOG_DATAPACKET 426 -602 -1495 546 1261 -1228 -147 1506 0 0 1763 1598 0
111 LOG_DATAPACKET 427 1209 422 834 1610 -611 623 1506 0 0 1763 1598 0
111 LOG_DATAPACKET 428 82 -534 241 107 -1114 1778 1506 0 0 1763 1598 0
111 LOG_DATAPACKET 429 1331 627 -1890 528 -236 1312 1506 0 0 1763 1598 0
111 LOG_DATAPACKET 430 170 233 655 -681 -1589 1066 1506 0 0 1763 1598 0
111 LOG_DATAPACKET 431 502 617 -2259 -514 -790 203 1506 0 0 1763 1598 0
111 LOG_DATAPACKET 432 3022 -2008 4612 -123 -371 -291 1506 0 0 1763 1598 0
111 LOG_DATAPACKET 433 -5 557 -558 1493 1055 -1155 1506 0 0 1763 1598 0
111 LOG_DATAPACKET 434 -56 416 -1921 1208 -153 -1129 1505 0 0 1763 1598 0
111 LOG_DATAPACKET 435 -498 1567 -5262 -305 -2600 -2035 1505 0 0 1763 1598 0
111 LOG_DATAPACKET 436 3120 -557 3059 1472 -698 -1736 1505 0 0 1763 1598 0
111 LOG_DATAPACKET 437 2072 -625 3735 2453 1811 613 1505 0 0 1763 1598 0
111 LOG_DATAPACKET 438 -1230 1528 -1544 3246 2748 2515 1505 0 0 1763 1598 0
111 LOG_DATAPACKET 439 1380 -575 792 2105 2075 2598 1505 0 0 1763 1598 0
111 LOG_DATAPACKET 440 3167 1707 -1579 2684 3200 1913 1505 0 0 1763 1598 0
111 LOG_DATAPACKET 441 3812 1634 -634 1012 3049 1730 1505 0 0 1763 1598 0
111 LOG_DATAPACKET 442 6164 -1089 3591 2050 3353 781 1505 0 0 1763 1598 0
111 LOG_DATAPACKET 443 593 -967 2027 1840 280 -1140 1505 0 0 1763 1598 0
111 LOG_DATAPACKET 444 2959 -2225 3269 3688 -292 -2204 1505 0 0 1763 1598 0
111 LOG_DATAPACKET 445 -1250 1150 2130 954 -2808 -838 1505 0 0 1763 1598 0
111 LOG_DATAPACKET 446 2857 610 141 100 -1739 288 1505 0 0 1763 1598 0
111 LOG_DATAPACKET 447 603 450 1562 -974 -2400 1230 1505 0 0 1763 1598 0
111 LOG_DATAPACKET 448 1270 597 -289 46 -816 1538 1505 0 0 1763 1598 0
111 LOG_DATAPACKET 449 -200 182 1058 -416 -1384 2033 1505 0 0 1763 1598 0
111 LOG_DATAPACKET 450 263 17 -709 239 174 1438 1505 0 0 1763 1598 0
111 LOG_DATAPACKET 451 3407 -1615 1101 1663 1989 1087 1505 0 0 1763 1598 0
111 LOG_DATAPACKET 452 3483 281 -1671 1553 2506 -179 1505 0 0 1763 1598 0
111 LOG_DATAPACKET 453 3728 418 555 2516 3240 -1310 1505 0 0 1763 1598 0
111 LOG_DATAPACKET 454 3551 1117 4934 1494 2829 -1682 1505 0 0 1763 1598 0
111 LOG_DATAPACKET 455 3183 209 2748 1412 3138 -1462 1505 0 0 1763 1598 0
111 LOG_DATAPACKET 456 1878 1025 3536 -1064 291 -712 1505 0 0 1763 1598 0
111 LOG_DATAPACKET 457 4772 -803 584 -878 279 -298 1507 0 0 1763 1598 0
111 LOG_DATAPACKET 458 4303 -344 1595 -1507 -830 675 1507 0 0 1763 1598 0
111 LOG_DATAPACKET 459 3801 -566 1281 -1223 -1971 2149 1507 0 0 1763 1598 0
111 LOG_DATAPACKET 460 1257 532 3182 -2496 -3035 2264 1507 0 0 1763 1598 0
111 LOG_DATAPACKET 461 1541 -1616 2862 -1296 -3196 1740 1507 0 0 1763 1598 0
111 LOG_DATAPACKET 462 1268 1038 41 -879 -2623 1066 1507 0 0 1763 1598 0
111 LOG_DATAPACKET 463 3065 763 1308 -1385 -1504 371 1507 0 0 1763 1598 0
111 LOG_DATAPACKET 464 3953 -361 763 -473 277 -406 1507 0 0 1763 1598 0
111 LOG_DATAPACKET 465 2151 1093 -746 -1054 433 -673 1507 0 0 1763 1598 0
111 LOG_DATAPACKET 466 1144 119 73 -1028 324 -1133 1507 0 0 1763 1598 0
111 LOG_DATAPACKET 467 -1150 -1277 788 40 -660 -472 1507 0 0 1763 1598 0
111 LOG_DATAPACKET 468 808 209 631 600 -234 276 1505 0 0 1763 1598 0
111 LOG_DATAPACKET 469 -26 302 489 -372 -832 1331 1505 0 0 1763 1598 0
111 LOG_DATAPACKET 470 1979 657 -732 374 314 1282 1505 0 0 1763 1598 0
111 LOG_DATAPACKET 471 86 80 -454 -506 -1013 1125 1505 0 0 1763 1598 0
111 LOG_DATAPACKET 472 550 482 -1809 -71 -530 248 1505 0 0 1763 1598 0
111 LOG_DATAPACKET 473 2160 -1539 2821 999 -227 8 1505 0 0 1763 1598 0
111 LOG_DATAPACKET 474 552 364 -70 1598 771 -787 1505 0 0 1763 1598 0
111 LOG_DATAPACKET 475 1373 -883 2062 2589 797 -789 1505 0 0 1763 1598 0
111 LOG_DATAPACKET 476 -2188 1917 -5945 1666 -1342 -1533 1505 0 0 1763 1598 0
111 LOG_DATAPACKET 477 1401 513 -1265 1269 -1929 -1632 1505 0 0 1763 1598 0
111 LOG_DATAPACKET 478 3416 -499 2584 1558 353 -583 1505 0 0 1763 1598 0
111 LOG_DATAPACKET 479 804 468 596 3620 3169 1727 1505 0 0 1763 1600 0
111 LOG_DATAPACKET 480 -304 -892 481 2468 2324 2727 1505 0 0 1763 1600 0
111 LOG_DATAPACKET 481 1304 533 -2352 3029 3079 2165 1505 0 0 1763 1600 0
111 LOG_DATAPACKET 482 5506 -203 4219 1322 3359 1854 1505 0 0 1763 1600 0
111 LOG_DATAPACKET 483 3398 1343 -1335 653 3677 1045 1505 0 0 1763 1600 0
111 LOG_DATAPACKET 484 2730 83 522 -381 1811 -201 1505 0 0 1763 1600 0
111 LOG_DATAPACKET 485 3354 -2348 3166 1951 708 -2202 1505 0 0 1763 1600 0
111 LOG_DATAPACKET 486 -387 -467 3970 1022 -1962 -1902 1505 0 0 1763 1600 0
111 LOG_DATAPACKET 487 1896 561 -119 23 -1546 -278 1505 0 0 1763 1600 0
111 LOG_DATAPACKET 488 233 1219 1786 -2272 -3089 1005 1505 0 0 1763 1600 0
111 LOG_DATAPACKET 489 1527 435 413 -1082 -1382 1249 1505 0 0 1763 1600 0
111 LOG_DATAPACKET 490 534 -103 1217 -454 -1466 1983 1507 0 0 1763 1600 0
111 LOG_DATAPACKET 491 -258 760 -1305 -121 -414 1799 1507 0 0 1763 1600 0
111 LOG_DATAPACKET 492 2518 -1869 1897 1551 1496 1608 1507 0 0 1763 1600 0
111 LOG_DATAPACKET 493 2456 1414 -1833 991 2233 415 1507 0 0 1763 1600 0
111 LOG_DATAPACKET 494 3940 -1634 -328 2539 2567 -685 1507 0 0 1763 1600 0
111 LOG_DATAPACKET 495 4622 -895 3570 2642 2915 -1442 1507 0 0 1763 1600 0
111 LOG_DATAPACKET 496 4270 741 2461 2991 4116 -1546 1507 0 0 1763 1600 0
111 LOG_DATAPACKET 497 1988 1511 3878 -4 1608 -918 1507 0 0 1763 1600 0
111 LOG_DATAPACKET 498 3209 548 -120 -900 387 -610 1507 0 0 1763 1600 0
111 LOG_DATAPACKET 499 4697 -972 4212 -1721 -1436 -87 1507 0 0 1763 1600 0
111 LOG_DATAPACKET 500 3759 -958 405 -517 -1034 1211 1507 0 0 1763 1600 0
111 LOG_DATAPACKET 501 2296 170 2418 -2052 -3211 2403 1507 0 0 1763 1600 0
111 LOG_DATAPACKET 502 1642 -840 2555 -1393 -3046 1956 1507 0 0 1763 1599 0
111 LOG_DATAPACKET 503 1132 732 1706 -1590 -3020 1390 1507 0 0 1763 1599 0
111 LOG_DATAPACKET 504 3576 -320 2068 -854 -1307 297 1507 0 0 1763 1599 0
111 LOG_DATAPACKET 505 2655 710 -439 -540 -169 -390 1507 0 0 1763 1599 0
111 LOG_DATAPACKET 506 3278 361 910 -447 170 -818 1507 0 0 1763 1599 0
111 LOG_DATAPACKET 507 1749 304 -1015 -206 597 -1099 1507 0 0 1763 1599 0
111 LOG_DATAPACKET 508 -328 73 -36 -786 -823 -383 1507 0 0 1763 1599 0
111 LOG_DATAPACKET 509 208 -557 -159 127 -853 -39 1507 0 0 1763 1599 0
111 LOG_DATAPACKET 510 616 -1622 2327 1326 -1001 842 1507 0 0 1763 1599 0
111 LOG_DATAPACKET 511 882 1558 -1425 523 110 1496 1507 0 0 1763 1599 0
111 LOG_DATAPACKET 512 375 -141 980 -930 -1185 2041 1507 0 0 1763 1599 0
111 LOG_DATAPACKET 513 301 921 -3231 -921 -681 715 1507 0 0 1763 1598 0
111 LOG_DATAPACKET 514 1858 -665 1412 -974 -1138 313 1507 0 0 1763 1598 0
111 LOG_DATAPACKET 515 434 -149 -929 -709 -354 -643 1507 0 0 1763 1598 0
111 LOG_DATAPACKET 516 2841 -2286 5165 2596 1170 -790 1507 0 0 1763 1598 0
111 LOG_DATAPACKET 517 -1957 1244 -3097 1246 -387 -945 1507 0 0 1763 1598 0
111 LOG_DATAPACKET 518 -776 1727 -4266 627 -1868 -1079 1507 0 0 1763 1598 0
111 LOG_DATAPACKET 519 2834 419 938 -610 -1646 -1370 1507 0 0 1763 1598 0
111 LOG_DATAPACKET 520 2693 512 2062 2209 1875 129 1507 0 0 1763 1598 0
111 LOG_DATAPACKET 521 727 -1360 2574 2657 2721 2327 1507 0 0 1763 1598 0
111 LOG_DATAPACKET 522 -1306 1061 -3712 2745 2466 2678 1507 0 0 1763 1598 0
111 LOG_DATAPACKET 523 4530 -1561 3437 2398 2582 2360 1507 0 0 1763 1598 0
111 LOG_DATAPACKET 524 3518 3045 -1392 1482 3563 1828 1505 0 0 1763 1599 0
111 LOG_DATAPACKET 525 5559 -1050 4892 -21 2294 1029 1505 0 0 1763 1599 0
111 LOG_DATAPACKET 526 879 -1101 -53 1669 1334 -1641 1505 0 0 1763 1599 0
111 LOG_DATAPACKET 527 2716 -2373 5692 2727 -1411 -2151 1505 0 0 1763 1599 0
111 LOG_DATAPACKET 528 1146 -323 305 2077 -1143 -1493 1505 0 0 1763 1599 0
111 LOG_DATAPACKET 529 110 950 2591 -874 -3216 813 1505 0 0 1763 1599 0
111 LOG_DATAPACKET 530 1538 955 -811 -1132 -1660 926 1505 0 0 1763 1599 0
111 LOG_DATAPACKET 531 1360 -780 2654 -53 -1636 1780 1505 0 0 1763 1599 0
111 LOG_DATAPACKET 532 -560 1618 -1427 -128 -929 1829 1505 0 0 1763 1599 0
111 LOG_DATAPACKET 533 1418 -1465 1691 645 381 2018 1505 0 0 1763 1599 0
111 LOG_DATAPACKET 534 1854 454 -897 510 1875 1008 1505 0 0 1763 1599 0
111 LOG_DATAPACKET 535 3746 -590 -283 1556 2833 170 1507 0 0 1763 1600 0
111 LOG_DATAPACKET 536 3827 -1765 1601 2188 2430 -965 1507 0 0 1763 1600 0
111 LOG_DATAPACKET 537 4503 337 2141 2356 4032 -1580 1507 0 0 1763 1600 0
111 LOG_DATAPACKET 538 3033 206 6460 537 2323 -1035 1507 0 0 1763 1600 0
111 LOG_DATAPACKET 539 1811 2071 273 -1365 1223 -640 1507 0 0 1763 1600 0
111 LOG_DATAPACKET 540 4632 -561 3133 -2554 -890 -373 1507 0 0 1763 1600 0
111 LOG_DATAPACKET 541 4541 -1037 -556 -1054 -2 70 1507 0 0 1763 1600 0
111 LOG_DATAPACKET 542 3078 -490 2891 -2019 -2787 1737 1507 0 0 1763 1600 0
111 LOG_DATAPACKET 543 1979 -394 2054 -1598 -2590 2196 1507 0 0 1763 1600 0
111 LOG_DATAPACKET 544 906 -79 2608 -2023 -3423 2102 1507 0 0 1763 1600 0
111 LOG_DATAPACKET 545 2548 -344 1861 -900 -2465 1287 1507 0 0 1763 1600 0
111 LOG_DATAPACKET 546 2778 993 265 -1091 -1217 380 1507 0 0 1763 1600 0
111 LOG_DATAPACKET 547 3996 -153 1526 -568 -106 -674 1505 0 0 1763 1599 0
111 LOG_DATAPACKET 548 560 506 -1644 -176 228 -1051 1505 0 0 1763 1599 0
111 LOG_DATAPACKET 549 973 86 917 -889 -496 -643 1505 0 0 1763 1599 0
111 LOG_DATAPACKET 550 -462 -273 -745 -405 -856 -409 1505 0 0 1763 1599 0
111 LOG_DATAPACKET 551 665 -1802 2280 1290 -1111 454 1505 0 0 1763 1599 0
111 LOG_DATAPACKET 552 435 1321 -1492 794 -188 985 1505 0 0 1763 1599 0
111 LOG_DATAPACKET 553 1091 -394 2253 -250 -717 1889 1505 0 0 1763 1599 0
111 LOG_DATAPACKET 554 -401 1079 -2770 -376 -473 1032 1505 0 0 1763 1599 0
111 LOG_DATAPACKET 555 1694 -73 -644 -337 -477 355 1505 0 0 1763 1599 0
111 LOG_DATAPACKET 556 78 82 -1778 -706 -530 -351 1505 0 0 1763 1599 0
111 LOG_DATAPACKET 557 3402 -2491 4419 2411 929 -819 1505 0 0 1763 1599 0
111 LOG_DATAPACKET 558 -684 161 -821 1778 261 -1329 1505 0 0 1763 1599 0
111 LOG_DATAPACKET 559 -893 1199 -3435 1447 -1565 -1402 1505 0 0 1763 1599 0
111 LOG_DATAPACKET 560 771 1878 -2573 -366 -1977 -1474 1505 0 0 1763 1599 0
111 LOG_DATAPACKET 561 2540 304 1830 1491 626 -458 1505 0 0 1763 1599 0
111 LOG_DATAPACKET 562 2314 -1234 4681 2572 2514 1338 1505 0 0 1763 1599 0
111 LOG_DATAPACKET 563 -1703 1312 -3534 2687 2793 2451 1505 0 0 1763 1599 0
111 LOG_DATAPACKET 564 2625 -1626 2029 2552 2410 2370 1505 0 0 1763 1599 0
111 LOG_DATAPACKET 565 3073 1605 -1672 2295 3549 1727 1505 0 0 1763 1599 0
111 LOG_DATAPACKET 566 6245 -639 4436 1133 3216 1435 1505 0 0 1763 1599 0
111 LOG_DATAPACKET 567 1571 -85 -895 1134 2333 -756 1505 0 0 1763 1599 0
111 LOG_DATAPACKET 568 3567 -2595 5760 2556 -324 -2039 1505 0 0 1763 1599 0
111 LOG_DATAPACKET 569 -1029 738 315 1683 -656 -2105 1507 0 0 1763 1600 0
111 LOG_DATAPACKET 570 2891 236 2425 115 -2141 96 1507 0 0 1763 1600 0
111 LOG_DATAPACKET 571 718 1181 -637 -841 -1914 473 1507 0 0 1763 1600 0
111 LOG_DATAPACKET 572 1388 -569 2944 -570 -2112 1439 1507 0 0 1763 1600 0
111 LOG_DATAPACKET 573 -177 1255 -1442 -283 -1429 1474 1507 0 0 1763 1600 0
111 LOG_DATAPACKET 574 1397 -326 1143 -28 -329 1883 1507 0 0 1763 1600 0
111 LOG_DATAPACKET 575 808 -51 -544 408 717 1350 1507 0 0 1763 1600 0
111 LOG_DATAPACKET 576 3596 -542 -127 1898 2753 651 1507 0 0 1763 1600 0
111 LOG_DATAPACKET 577 3072 -649 -1 1824 2350 -726 1507 0 0 1763 1600 0
111 LOG_DATAPACKET 578 4508 -1144 639 3057 3618 -1496 1507 0 0 1763 1600 0
111 LOG_DATAPACKET 579 4397 231 6688 1980 3317 -1580 1507 0 0 1763 1600 0
111 LOG_DATAPACKET 580 1859 1541 282 389 2581 -1137 1505 0 0 1762 1599 0
111 LOG_DATAPACKET 581 3229 125 3969 -1074 -541 -243 1505 0 0 1762 1599 0
111 LOG_DATAPACKET 582 3929 45 454 -1246 56 -193 1505 0 0 1762 1599 0
111 LOG_DATAPACKET 583 4754 -960 2310 -1548 -1632 1024 1505 0 0 1762 1599 0
111 LOG_DATAPACKET 584 2984 -169 972 -1151 -2141 1785 1505 0 0 1762 1599 0
111 LOG_DATAPACKET 585 1324 -367 4017 -2040 -3551 2052 1505 0 0 1762 1599 0
111 LOG_DATAPACKET 586 903 -1056 2043 -766 -3196 1465 1505 0 0 1762 1599 0
111 LOG_DATAPACKET 587 2043 1178 456 -1187 -2670 846 1505 0 0 1762 1599 0
111 LOG_DATAPACKET 588 4489 -422 1934 -812 -802 -126 1505 0 0 1762 1599 0
111 LOG_DATAPACKET 589 2175 841 -1417 -235 262 -580 1505 0 0 1762 1599 0
111 LOG_DATAPACKET 590 1601 173 718 -826 -137 -742 1505 0 0 1762 1599 0
111 LOG_DATAPACKET 591 -1522 -1118 -366 -196 -745 -757 1505 0 0 1762 1599 0
111 LOG_DATAPACKET 592 1362 -536 2105 979 -877 -299 1505 0 0 1763 1599 0
111 LOG_DATAPACKET 593 -125 597 -855 558 -537 245 1505 0 0 1763 1599 0
111 LOG_DATAPACKET 594 1388 -530 2333 144 -864 1379 1505 0 0 1763 1599 0
111 LOG_DATAPACKET 595 134 924 -3069 90 -341 1009 1505 0 0 1763 1599 0
111 LOG_DATAPACKET 596 1800 -723 768 56 -860 984 1505 0 0 1763 1599 0
111 LOG_DATAPACKET 597 -428 449 -2152 -598 -802 335 1505 0 0 1763 1599 0
111 LOG_DATAPACKET 598 2773 -1737 4047 1430 244 -89 1505 0 0 1763 1599 0
111 LOG_DATAPACKET 599 198 -36 1089 1385 545 -774 1505 0 0 1763 1599 0
111 LOG_DATAPACKET 600 -203 621 -2225 2144 -553 -1292 1505 0 0 1763 1599 0
111 LOG_DATAPACKET 601 -262 1162 -3539 396 -2432 -1891 1505 0 0 1763 1599 0
111 LOG_DATAPACKET 602 2306 93 575 1674 -383 -1581 1505 0 0 1763 1599 0
111 LOG_DATAPACKET 603 2935 -1300 5175 3315 2190 916 1505 0 0 1763 1598 0
111 LOG_DATAPACKET 604 -1842 1484 -2139 2784 2011 2029 1505 0 0 1763 1598 0
111 LOG_DATAPACKET 605 1675 -1031 1433 2860 1989 2131 1505 0 0 1763 1598 0
111 LOG_DATAPACKET 606 2392 1419 -2200 2056 3360 1482 1505 0 0 1763 1598 0
111 LOG_DATAPACKET 607 6470 -307 4319 2061 3608 1830 1505 0 0 1763 1598 0
111 LOG_DATAPACKET 608 2346 503 -1280 1244 3531 408 1505 0 0 1763 1598 0
111 LOG_DATAPACKET 609 3825 -3502 5783 3108 625 -1163 1505 0 0 1763 1598 0
111 LOG_DATAPACKET 610 -656 431 1134 3129 98 -2415 1505 0 0 1763 1598 0
111 LOG_DATAPACKET 611 2561 -299 3002 1702 -2021 -760 1505 0 0 1763 1598 0
111 LOG_DATAPACKET 612 88 1259 -514 -15 -1962 -126 1505 0 0 1763 1598 0
111 LOG_DATAPACKET 613 2691 858 1836 -364 -1600 889 1505 0 0 1763 1598 0
111 LOG_DATAPACKET 614 -1174 308 -574 -957 -1821 1331 1505 0 0 1763 1599 0
111 LOG_DATAPACKET 615 657 -185 464 683 -770 1732 1505 0 0 1763 1599 0
111 LOG_DATAPACKET 616 -320 580 -1347 154 -186 1385 1505 0 0 1763 1599 0
111 LOG_DATAPACKET 617 2956 -2043 1619 2128 2097 1369 1505 0 0 1763 1599 0
111 LOG_DATAPACKET 618 2664 801 -1020 1396 2474 233 1505 0 0 1763 1599 0
111 LOG_DATAPACKET 619 3902 -939 -1420 2521 3045 -987 1505 0 0 1763 1599 0
111 LOG_DATAPACKET 620 4856 -1070 4972 2497 2927 -1850 1505 0 0 1763 1599 0
111 LOG_DATAPACKET 621 3395 1793 1947 1263 4000 -1728 1505 0 0 1763 1599 0
111 LOG_DATAPACKET 622 2111 832 4794 -760 355 -655 1505 0 0 1763 1599 0
111 LOG_DATAPACKET 623 3004 190 92 -1307 60 -809 1505 0 0 1763 1599 0
111 LOG_DATAPACKET 624 5480 -963 3781 -1393 -1157 344 1505 0 0 1763 1599 0
111 LOG_DATAPACKET 625 2916 22 17 -1598 -1806 1618 1505 0 0 1763 1598 0
111 LOG_DATAPACKET 626 2633 133 3075 -2219 -3601 2206 1505 0 0 1763 1598 0
111 LOG_DATAPACKET 627 955 -1068 1818 -1098 -3411 1477 1505 0 0 1763 1598 0
111 LOG_DATAPACKET 628 1353 -11 2303 -381 -3418 1080 1505 0 0 1763 1598 0
111 LOG_DATAPACKET 629 3694 -514 1544 364 -1665 535 1505 0 0 1763 1598 0
111 LOG_DATAPACKET 630 2853 817 290 757 -66 -222 1505 0 0 1763 1598 0
111 LOG_DATAPACKET 631 2714 737 1078 532 292 -899 1505 0 0 1763 1598 0
111 LOG_DATAPACKET 632 -791 226 -1622 531 -270 -1283 1505 0 0 1763 1598 0
111 LOG_DATAPACKET 633 1152 -763 1579 919 -1143 -913 1505 0 0 1763 1598 0
111 LOG_DATAPACKET 634 -710 -1176 -500 1544 -970 -213 1505 0 0 1763 1598 0
111 LOG_DATAPACKET 635 2353 -192 1700 2141 -707 1070 1505 0 0 1763 1598 0
111 LOG_DATAPACKET 636 -1255 416 -1462 276 -942 1576 1505 0 0 1763 1598 0
111 LOG_DATAPACKET 637 1404 -585 1415 372 -1174 1641 1505 0 0 1763 1598 0
111 LOG_DATAPACKET 638 -571 1105 -2987 -447 -1085 560 1505 0 0 1763 1598 0
111 LOG_DATAPACKET 639 2538 -1150 1442 92 -635 219 1505 0 0 1763 1598 0
111 LOG_DATAPACKET 640 1047 28 1054 -118 252 -775 1505 0 0 1763 1598 0
111 LOG_DATAPACKET 641 1879 -1532 2915 2714 1305 -1207 1505 0 0 1763 1598 0
111 LOG_DATAPACKET 642 -2520 1622 -4131 566 -1967 -1684 1505 0 0 1763 1598 0
111 LOG_DATAPACKET 643 503 781 -3934 448 -2585 -2270 1505 0 0 1763 1598 0
111 LOG_DATAPACKET 644 4509 -919 4317 2081 563 -1080 1505 0 0 1763 1598 0
111 LOG_DATAPACKET 645 750 1523 311 2664 2184 1357 1505 0 0 1763 1598 0
111 LOG_DATAPACKET 646 -92 -146 1733 2640 1801 2394 1505 0 0 1763 1598 0
111 LOG_DATAPACKET 647 115 868 -2145 2129 2092 1608 1505 0 0 1763 1598 0
111 LOG_DATAPACKET 648 5729 -1145 4342 3583 3354 1850 1505 0 0 1763 1600 0
111 LOG_DATAPACKET 649 3141 2061 -2837 1820 3470 1635 1505 0 0 1763 1600 0
111 LOG_DATAPACKET 650 4985 -2919 4704 2058 1595 500 1505 0 0 1763 1600 0
111 LOG_DATAPACKET 651 785 -489 1385 3421 991 -2001 1505 0 0 1763 1600 0
111 LOG_DATAPACKET 652 2746 -753 4752 2938 -1341 -1515 1505 0 0 1763 1600 0
111 LOG_DATAPACKET 653 -1326 1540 -755 711 -1947 -879 1505 0 0 1763 1600 0
111 LOG_DATAPACKET 654 3477 19 2143 180 -2674 -160 1505 0 0 1763 1600 0
111 LOG_DATAPACKET 655 -873 108 291 37 -2390 320 1505 0 0 1763 1600 0
111 LOG_DATAPACKET 656 1540 -21 929 1236 -1010 1795 1505 0 0 1763 1600 0
111 LOG_DATAPACKET 657 -343 221 -456 69 -788 2016 1505 0 0 1763 1600 0
111 LOG_DATAPACKET 658 1862 -1927 2241 1614 517 1781 1505 0 0 1763 1600 0
111 LOG_DATAPACKET 659 1953 363 -721 1748 1608 662 1507 0 0 1762 1600 0
111 LOG_DATAPACKET 660 3932 -82 -1494 2232 2791 -333 1507 0 0 1762 1600 0
111 LOG_DATAPACKET 661 3834 -1567 2074 2656 2136 -1293 1507 0 0 1762 1600 0
111 LOG_DATAPACKET 662 4168 1042 2512 2620 3697 -1862 1507 0 0 1762 1600 0
111 LOG_DATAPACKET 663 3050 131 6142 690 1904 -1074 1507 0 0 1762 1600 0
111 LOG_DATAPACKET 664 2208 936 218 -420 967 -654 1507 0 0 1762 1600 0
111 LOG_DATAPACKET 665 4314 -748 3632 -1025 -1034 -182 1507 0 0 1762 1600 0
111 LOG_DATAPACKET 666 4326 -497 -280 -568 -508 485 1507 0 0 1762 1600 0
111 LOG_DATAPACKET 667 3224 -49 2516 -1795 -3211 2132 1507 0 0 1762 1600 0
111 LOG_DATAPACKET 668 2384 -405 2170 -1506 -2860 1935 1507 0 0 1762 1600 0
111 LOG_DATAPACKET 669 930 -614 2696 -1203 -3707 1668 1507 0 0 1762 1600 0
111 LOG_DATAPACKET 670 2106 -214 2102 -458 -2953 869 1507 0 0 1762 1600 0
111 LOG_DATAPACKET 671 2696 550 99 -692 -1431 302 1507 0 0 1763 1598 0
111 LOG_DATAPACKET 672 4058 -417 1259 -26 -602 -444 1507 0 0 1763 1598 0
111 LOG_DATAPACKET 673 765 780 -1504 -16 211 -724 1507 0 0 1763 1598 0
111 LOG_DATAPACKET 674 1038 -78 1120 -944 -811 -498 1507 0 0 1763 1598 0
111 LOG_DATAPACKET 675 291 -1528 1789 76 -1521 -225 1507 0 0 1763 1598 0
111 LOG_DATAPACKET 676 2345 -1053 2746 1038 -1065 -35 1507 0 0 1763 1598 0
111 LOG_DATAPACKET 677 -517 761 -2800 324 -561 701 1507 0 0 1763 1598 0
111 LOG_DATAPACKET 678 2262 -709 1578 709 -911 1445 1507 0 0 1763 1598 0
111 LOG_DATAPACKET 679 -1294 997 -1933 5 -1097 808 1507 0 0 1763 1598 0
111 LOG_DATAPACKET 680 1274 -45 1189 41 -1579 586 1507 0 0 1763 1598 0
111 LOG_DATAPACKET 681 96 924 -1932 -292 -903 -495 1507 0 0 1763 1598 0
111 LOG_DATAPACKET 682 3540 -1839 4912 2498 566 -758 1507 0 0 1763 1600 0
111 LOG_DATAPACKET 683 -707 156 -1038 2661 216 -1126 1507 0 0 1763 1600 0
111 LOG_DATAPACKET 684 -708 648 -2764 2852 -1636 -1447 1507 0 0 1763 1600 0
111 LOG_DATAPACKET 685 1003 1358 -2606 1304 -1958 -1847 1507 0 0 1763 1600 0
111 LOG_DATAPACKET 686 2782 319 2695 3320 528 -668 1507 0 0 1763 1600 0
111 LOG_DATAPACKET 687 1556 -936 3799 4178 2082 1295 1507 0 0 1763 1600 0
111 LOG_DATAPACKET 688 -1495 1361 -3300 3542 1867 1826 1507 0 0 1763 1600 0
111 LOG_DATAPACKET 689 2975 -1199 2283 3874 2609 1860 1507 0 0 1763 1600 0
111 LOG_DATAPACKET 690 2864 1981 -2041 2433 3303 1503 1507 0 0 1763 1600 0
111 LOG_DATAPACKET 691 6174 -923 4621 2009 2966 1214 1507 0 0 1763 1600 0
111 LOG_DATAPACKET 692 1545 -505 -585 2450 2367 -571 1507 0 0 1763 1600 0
111 LOG_DATAPACKET 693 3239 -2736 7025 3537 -497 -1665 1505 0 0 1763 1599 0
111 LOG_DATAPACKET 694 -1115 1159 -489 2702 -475 -2035 1505 0 0 1763 1599 0
111 LOG_DATAPACKET 695 2674 421 2989 513 -3051 -239 1505 0 0 1763 1599 0
111 LOG_DATAPACKET 696 -224 1203 -4 -364 -2117 -149 1505 0 0 1763 1599 0
111 LOG_DATAPACKET 697 2732 -660 2580 522 -1561 1037 1505 0 0 1763 1599 0
111 LOG_DATAPACKET 698 -1286 737 -1153 93 -1600 1598 1505 0 0 1763 1599 0
111 LOG_DATAPACKET 699 857 -377 398 1204 -316 1777 1505 0 0 1763 1599 0
111 LOG_DATAPACKET 700 1985 -1362 608 1570 642 1340 1505 0 0 1763 1599 0
111 LOG_DATAPACKET 701 3355 870 -2093 2645 2641 745 1505 0 0 1763 1599 0
111 LOG_DATAPACKET 702 3680 296 -1233 2127 2500 -305 1505 0 0 1763 1599 0
111 LOG_DATAPACKET 703 4655 -1229 983 3267 3240 -1394 1505 0 0 1763 1599 0
111 LOG_DATAPACKET 704 3805 759 6353 1784 2647 -1760 1505 0 0 1763 1598 0
111 LOG_DATAPACKET 705 2304 463 1279 869 2677 -1346 1505 0 0 1763 1598 0
111 LOG_DATAPACKET 706 2365 -370 3975 -543 -866 -438 1505 0 0 1763 1598 0
111 LOG_DATAPACKET 707 4735 -536 485 -604 172 -299 1505 0 0 1763 1598 0
111 LOG_DATAPACKET 708 5023 -705 1772 -1599 -2125 1782 1505 0 0 1763 1598 0
111 LOG_DATAPACKET 709 3260 336 1188 -2326 -2506 2165 1505 0 0 1763 1598 0
111 LOG_DATAPACKET 710 1143 176 3548 -2891 -3930 2153 1505 0 0 1763 1598 0
111 LOG_DATAPACKET 711 1396 -1687 2428 -994 -3262 1163 1505 0 0 1763 1598 0
111 LOG_DATAPACKET 712 1747 785 580 -1200 -2559 735 1505 0 0 1763 1598 0
111 LOG_DATAPACKET 713 4492 -912 2074 -321 -707 -43 1505 0 0 1763 1598 0
111 LOG_DATAPACKET 714 2218 1050 -1301 -27 297 -539 1505 0 0 1763 1598 0
111 LOG_DATAPACKET 715 1848 540 1118 -775 -369 -876 1505 0 0 1763 1598 0
111 LOG_DATAPACKET 716 -1298 -246 -706 -412 -505 -1154 1505 0 0 1763 1598 0
111 LOG_DATAPACKET 717 1394 -1272 2439 889 -1164 -448 1505 0 0 1763 1598 0
111 LOG_DATAPACKET 718 -1035 944 -1365 752 -709 284 1505 0 0 1763 1598 0
111 LOG_DATAPACKET 719 2791 -692 1906 571 -584 1348 1505 0 0 1763 1598 0
111 LOG_DATAPACKET 720 -1011 774 -2976 293 -957 1139 1505 0 0 1763 1598 0
111 LOG_DATAPACKET 721 2097 -340 277 713 -1062 801 1505 0 0 1763 1598 0
111 LOG_DATAPACKET 722 393 -533 107 218 -1069 185 1505 0 0 1763 1598 0
111 LOG_DATAPACKET 723 2811 -1563 3742 1703 -162 -71 1505 0 0 1763 1598 0
111 LOG_DATAPACKET 724 247 349 -76 1785 408 -844 1505 0 0 1763 1598 0
111 LOG_DATAPACKET 725 499 -269 485 3358 -599 -1238 1505 0 0 1763 1598 0
111 LOG_DATAPACKET 726 -1256 1461 -4692 1449 -2461 -1961 1505 0 0 1763 1598 0
111 LOG_DATAPACKET 727 1994 311 360 2493 -1069 -1594 1505 0 0 1763 1598 0
111 LOG_DATAPACKET 728 3072 -749 3253 3415 1452 506 1505 0 0 1763 1598 0
111 LOG_DATAPACKET 729 -74 1260 -1492 3669 2314 1868 1505 0 0 1763 1598 0
111 LOG_DATAPACKET 730 1107 -1278 1716 3885 2266 2518 1505 0 0 1763 1598 0
111 LOG_DATAPACKET 731 1246 1572 -1979 2882 3152 2253 1505 0 0 1763 1598 0
111 LOG_DATAPACKET 732 5622 -614 4509 2220 3246 2147 1505 0 0 1763 1598 0
111 LOG_DATAPACKET 733 2953 1039 -1646 1170 2718 239 1505 0 0 1763 1598 0
111 LOG_DATAPACKET 734 3964 -2796 6089 2633 200 -1286 1505 0 0 1763 1598 0
111 LOG_DATAPACKET 735 558 -444 52 2874 424 -2546 1505 0 0 1763 1598 0
111 LOG_DATAPACKET 736 1935 -749 4060 1657 -2514 -962 1505 0 0 1763 1598 0
111 LOG_DATAPACKET 737 -725 1437 -534 226 -2208 -162 1505 0 0 1763 1598 0
111 LOG_DATAPACKET 738 2918 837 3050 -729 -2331 985 1505 0 0 1763 1598 0
111 LOG_DATAPACKET 739 -930 795 -784 -870 -1657 1468 1505 0 0 1763 1598 0
111 LOG_DATAPACKET 740 1146 -580 1277 656 -1072 2155 1505 0 0 1763 1598 0
111 LOG_DATAPACKET 741 225 -416 421 368 -389 1644 1505 0 0 1763 1598 0
111 LOG_DATAPACKET 742 2767 -214 -471 2253 1956 1405 1505 0 0 1763 1598 0
111 LOG_DATAPACKET 743 3846 -735 392 1836 2137 251 1505 0 0 1763 1598 0
111 LOG_DATAPACKET 744 3506 55 -986 2785 2769 -1062 1505 0 0 1763 1598 0
111 LOG_DATAPACKET 745 4217 -474 3511 2440 2385 -1524 1505 0 0 1763 1598 0
111 LOG_DATAPACKET 746 4148 925 3062 2193 3739 -1563 1505 0 0 1763 1598 0
111 LOG_DATAPACKET 747 1807 1245 4466 -249 315 -600 1505 0 0 1763 1598 0
111 LOG_DATAPACKET 748 3219 -205 401 -614 -101 -496 1505 0 0 1763 1598 0
111 LOG_DATAPACKET 749 4933 -333 3498 -1293 -1393 512 1505 0 0 1763 1600 0
111 LOG_DATAPACKET 750 3844 -737 258 -1075 -1730 1814 1505 0 0 1763 1600 0
111 LOG_DATAPACKET 751 2596 574 2186 -2420 -3587 2451 1505 0 0 1763 1600 0
111 LOG_DATAPACKET 752 1558 -1187 2877 -1258 -3379 1638 1505 0 0 1763 1600 0
111 LOG_DATAPACKET 753 740 -8 2111 -841 -3437 1352 1505 0 0 1763 1600 0
111 LOG_DATAPACKET 754 3354 -436 2174 -363 -1574 455 1505 0 0 1763 1600 0
111 LOG_DATAPACKET 755 2756 581 -428 -28 -237 -286 1505 0 0 1763 1600 0
111 LOG_DATAPACKET 756 3376 487 1096 -130 103 -888 1505 0 0 1763 1600 0
111 LOG_DATAPACKET 757 -197 523 -1729 -145 -258 -872 1505 0 0 1763 1600 0
111 LOG_DATAPACKET 758 743 -626 1695 64 -1168 -591 1505 0 0 1763 1600 0
111 LOG_DATAPACKET 759 -1102 -715 -1147 838 -1232 147 1505 0 0 1763 1600 0
111 LOG_DATAPACKET 760 2377 -730 3262 1576 -1226 941 1505 0 0 1763 1600 0
111 LOG_DATAPACKET 761 -951 1201 -3011 363 -499 1471 1505 0 0 1763 1598 0
111 LOG_DATAPACKET 762 2457 -543 812 366 -1180 1636 1505 0 0 1763 1598 0
111 LOG_DATAPACKET 763 -829 506 -1630 -166 -1120 683 1505 0 0 1763 1598 0
111 LOG_DATAPACKET 764 1956 -165 493 389 -873 234 1505 0 0 1763 1598 0
111 LOG_DATAPACKET 765 1794 -1033 3223 183 -138 -702 1505 0 0 1763 1598 0
111 LOG_DATAPACKET 766 -37 99 -812 3094 679 -982 1505 0 0 1763 1598 0
111 LOG_DATAPACKET 767 -2094 1510 -4379 1572 -1194 -1349 1505 0 0 1763 1598 0
111 LOG_DATAPACKET 768 93 850 -3821 1115 -2490 -1724 1505 0 0 1763 1598 0
111 LOG_DATAPACKET 769 3049 315 1140 1180 -534 -1151 1505 0 0 1763 1598 0
111 LOG_DATAPACKET 770 2467 637 2837 3088 2246 1068 1505 0 0 1763 1598 0
111 LOG_DATAPACKET 771 -66 -427 1662 3121 1995 2473 1505 0 0 1763 1598 0
111 LOG_DATAPACKET 772 -480 972 -2915 2771 2060 2104 1505 0 0 1763 1598 0
111 LOG_DATAPACKET 773 4954 -1378 3967 3189 2969 2042 1505 0 0 1763 1598 0
111 LOG_DATAPACKET 774 3287 2798 -1623 1030 3108 1747 1505 0 0 1763 1598 0
111 LOG_DATAPACKET 775 4822 -1015 4603 729 1334 601 1505 0 0 1763 1598 0
111 LOG_DATAPACKET 776 1524 -1092 -364 2077 416 -1858 1505 0 0 1763 1598 0
111 LOG_DATAPACKET 777 2639 -1908 6527 2681 -1284 -1427 1505 0 0 1763 1598 0
111 LOG_DATAPACKET 778 -1121 1201 -1288 471 -2172 -323 1505 0 0 1763 1598 0
111 LOG_DATAPACKET 779 2592 335 3520 -552 -3172 657 1505 0 0 1763 1598 0
111 LOG_DATAPACKET 780 -705 868 -451 -645 -2075 732 1505 0 0 1763 1598 0
111 LOG_DATAPACKET 781 2248 -442 2242 461 -1582 1853 1505 0 0 1763 1598 0
111 LOG_DATAPACKET 782 -1045 1078 -1313 -54 -1172 1964 1505 0 0 1763 1598 0
111 LOG_DATAPACKET 783 2362 -1412 856 1691 684 1699 1505 0 0 1763 1599 0
111 LOG_DATAPACKET 784 2584 203 479 1440 1643 866 1505 0 0 1763 1599 0
111 LOG_DATAPACKET 785 3565 -133 -2598 2295 2654 -7 1505 0 0 1763 1599 0
111 LOG_DATAPACKET 786 4925 -2331 4472 2610 1985 -1065 1505 0 0 1763 1599 0
111 LOG_DATAPACKET 787 3321 1678 1663 2570 3708 -1520 1505 0 0 1763 1599 0
111 LOG_DATAPACKET 788 3625 5 4480 629 1638 -647 1505 0 0 1763 1599 0
111 LOG_DATAPACKET 789 2705 832 1415 -152 1043 -315 1505 0 0 1763 1599 0
111 LOG_DATAPACKET 790 3536 103 2894 -1665 -1414 -260 1505 0 0 1763 1599 0
111 LOG_DATAPACKET 791 5567 -1258 1295 -876 -460 353 1505 0 0 1763 1599 0
111 LOG_DATAPACKET 792 2139 306 1693 -2169 -3472 2007 1505 0 0 1763 1599 0
111 LOG_DATAPACKET 793 3207 -841 2574 -1765 -3197 1893 1505 0 0 1763 1599 0
111 LOG_DATAPACKET 794 560 278 1685 -2142 -3723 1662 1505 0 0 1763 1599 0
111 LOG_DATAPACKET 795 2717 -644 3370 -923 -2567 1005 1505 0 0 1763 1599 0
111 LOG_DATAPACKET 796 2032 1034 -281 -966 -1329 127 1505 0 0 1763 1599 0
111 LOG_DATAPACKET 797 4007 -103 1668 -349 -366 -700 1505 0 0 1763 1599 0
111 LOG_DATAPACKET 798 1214 401 -891 235 90 -946 1505 0 0 1763 1599 0
111 LOG_DATAPACKET 799 960 552 873 -524 -616 -556 1505 0 0 1763 1599 0
111 LOG_DATAPACKET 800 -1127 -632 -845 460 -1248 -202 1505 0 0 1763 1599 0
111 LOG_DATAPACKET 801 1774 -1378 2409 1833 -1490 203 1505 0 0 1763 1599 0
111 LOG_DATAPACKET 802 -397 1583 -2483 1626 -760 758 1505 0 0 1763 1599 0
111 LOG_DATAPACKET 803 2125 -501 2889 522 -1133 1828 1505 0 0 1763 1599 0
111 LOG_DATAPACKET 804 -1265 1368 -2927 612 -805 923 1505 0 0 1763 1599 0
111 LOG_DATAPACKET 805 2071 -425 970 378 -1422 257 1505 0 0 1763 1599 0
111 LOG_DATAPACKET 806 408 -678 -745 573 -1022 -634 1505 0 0 1763 1599 0
111 LOG_DATAPACKET 807 2873 -1853 3875 3468 671 -873 1505 0 0 1763 1599 0
111 LOG_DATAPACKET 808 -335 377 -473 2851 673 -1092 1505 0 0 1763 1599 0
111 LOG_DATAPACKET 809 -1537 2242 -5995 2026 -1497 -1073 1505 0 0 1763 1599 0
111 LOG_DATAPACKET 810 2336 290 432 747 -1615 -1499 1505 0 0 1763 1599 0
111 LOG_DATAPACKET 811 3786 -797 3584 2101 -62 -886 1505 0 0 1763 1599 0
111 LOG_DATAPACKET 812 1970 -419 3128 2742 2225 1508 1505 0 0 1763 1599 0
111 LOG_DATAPACKET 813 -926 892 -1387 2564 2293 2743 1505 0 0 1763 1599 0
111 LOG_DATAPACKET 814 1344 -1121 1217 1968 2090 2372 1505 0 0 1763 1599 0
111 LOG_DATAPACKET 815 3524 1291 -954 1821 3237 1735 1505 0 0 1763 1599 0
111 LOG_DATAPACKET 816 5362 227 3169 169 2680 1393 1505 0 0 1763 1599 0
111 LOG_DATAPACKET 817 3570 -450 -266 1202 2505 -611 1505 0 0 1763 1599 0
111 LOG_DATAPACKET 818 1966 -2408 6609 2303 -378 -1620 1505 0 0 1763 1599 0
111 LOG_DATAPACKET 819 508 338 -13 1557 -244 -1569 1505 0 0 1763 1599 0
111 LOG_DATAPACKET 820 829 727 3621 -734 -2764 295 1505 0 0 1763 1599 0
111 LOG_DATAPACKET 821 978 981 -716 -1042 -1956 513 1505 0 0 1763 1599 0
111 LOG_DATAPACKET 822 2263 -731 3938 -781 -2147 1331 1505 0 0 1763 1599 0
111 LOG_DATAPACKET 823 -1197 1300 -1644 126 -1092 1573 1505 0 0 1763 1599 0
111 LOG_DATAPACKET 824 1115 -991 1829 33 -1064 2175 1505 0 0 1763 1599 0
111 LOG_DATAPACKET 825 851 36 -1110 671 449 1517 1505 0 0 1763 1599 0
111 LOG_DATAPACKET 826 3762 -20 -785 1741 1970 1047 1505 0 0 1763 1599 0
111 LOG_DATAPACKET 827 3925 -838 -157 1414 2439 -477 1505 0 0 1763 1599 0
111 LOG_DATAPACKET 828 4395 -744 748 3411 3104 -1352 1505 0 0 1763 1598 0
111 LOG_DATAPACKET 829 3949 457 6846 1675 2775 -1552 1505 0 0 1763 1598 0
111 LOG_DATAPACKET 830 2003 891 623 1114 3109 -823 1505 0 0 1763 1598 0
111 LOG_DATAPACKET 831 3278 337 3714 -1218 -653 -32 1505 0 0 1763 1598 0
111 LOG_DATAPACKET 832 4890 -615 1861 -1022 -295 -158 1505 0 0 1763 1598 0
111 LOG_DATAPACKET 833 4255 -134 804 -1318 -1372 595 1505 0 0 1763 1598 0
111 LOG_DATAPACKET 834 4610 -946 1814 -1360 -2383 1972 1505 0 0 1763 1598 0
111 LOG_DATAPACKET 835 1351 592 1130 -2526 -3353 2217 1505 0 0 1763 1598 0
111 LOG_DATAPACKET 836 1907 -1571 3367 -1296 -3512 1705 1505 0 0 1763 1598 0
111 LOG_DATAPACKET 837 1224 532 840 -937 -2809 926 1505 0 0 1763 1598 0
111 LOG_DATAPACKET 838 3698 354 1896 -1266 -1600 244 1505 0 0 1763 1598 0
111 LOG_DATAPACKET 839 3217 28 92 -226 -80 -462 1507 0 0 1763 1600 0
111 LOG_DATAPACKET 840 1545 1058 296 -1112 -526 -748 1507 0 0 1763 1600 0
111 LOG_DATAPACKET 841 378 324 -574 -1008 -719 -678 1507 0 0 1763 1600 0
111 LOG_DATAPACKET 842 -204 -918 794 -193 -1633 -226 1507 0 0 1763 1600 0
