111 LOG_DATAPACKET 10 -145 -15 -2091 -10 13 -33 1112 1500 1500 0 30428926 0
111 LOG_DATAPACKET 11 -177 -3 -2098 -16 -16 -26 1112 1500 1500 0 30430880 0
111 LOG_DATAPACKET 12 -179 -14 -2108 -8 -27 -23 1112 1500 1500 0 30432832 0
111 LOG_DATAPACKET 13 -153 9 -2072 -14 0 -28 1112 1500 1500 0 30434786 0
111 LOG_DATAPACKET 14 -159 -22 -2048 5 29 -27 1112 1500 1500 0 30436738 0
111 LOG_DATAPACKET 15 -167 -21 -2074 6 -3 -23 1112 1500 1500 0 30438692 0
111 LOG_DATAPACKET 16 -133 0 -2118 -14 -38 -34 1112 1500 1500 0 30440648 0
111 LOG_DATAPACKET 17 -124 5 -2125 -23 -16 -47 1112 1500 1500 0 30442598 0
111 LOG_DATAPACKET 18 -170 -12 -2066 -12 16 -37 1112 1500 1500 0 30444554 0
111 LOG_DATAPACKET 19 -187 -22 -2049 -1 23 -14 1112 1500 1500 0 30446506 0
111 LOG_DATAPACKET 20 -144 -21 -2078 -2 -14 -11 1112 1500 1500 0 30448460 0
111 LOG_DATAPACKET 21 -121 -10 -2114 -6 -30 -40 1112 1500 1500 0 30450412 0
111 LOG_DATAPACKET 22 -157 9 -2110 2 -10 -48 1112 1500 1500 0 30452366 0
111 LOG_DATAPACKET 23 -187 8 -2085 -7 2 -31 1112 1500 1500 0 30454320 0
111 LOG_DATAPACKET 24 -163 -5 -2084 -28 1 -12 1112 1500 1500 0 30456272 0
111 LOG_DATAPACKET 25 -124 -21 -2079 -23 -3 -25 1112 1500 1500 0 30458226 0
111 LOG_DATAPACKET 26 -150 -37 -2068 4 -2 -42 1112 1500 1500 0 30460178 0
111 LOG_DATAPACKET 27 -172 -9 -2073 13 -15 -38 1112 1500 1500 0 30462132 0
111 LOG_DATAPACKET 28 -174 -3 -2072 -3 -17 -26 1112 1500 1500 0 30464084 0
111 LOG_DATAPACKET 29 -133 8 -2094 -18 0 -20 1112 1500 1500 0 30466038 0
111 LOG_DATAPACKET 30 -130 -1 -2070 -12 11 -27 1112 1500 1500 0 30467990 0
111 LOG_DATAPACKET 31 -146 -14 -2058 -1 -2 -36 1112 1500 1500 0 30469944 0
111 LOG_DATAPACKET 32 -171 -1 -2077 -8 -15 -30 1112 1500 1500 0 30471898 0
111 LOG_DATAPACKET 33 -165 -7 -2077 -11 -11 -27 1112 1500 1500 0 30473850 0
111 LOG_DATAPACKET 34 -147 -9 -2069 1 -1 -30 1112 1500 1500 0 30475804 0
111 LOG_DATAPACKET 35 -152 3 -2084 7 1 -32 1112 1500 1500 0 30477756 0
111 LOG_DATAPACKET 36 -153 1 -2070 -14 -6 -28 1112 1500 1500 0 30479710 0
111 LOG_DATAPACKET 37 -151 4 -2064 -30 -5 -21 1112 1500 1500 0 30481662 0
111 LOG_DATAPACKET 38 -148 -27 -2091 -16 -9 -25 1112 1500 1500 0 30483616 0
111 LOG_DATAPACKET 39 -155 -14 -2077 5 -12 -32 1112 1500 1500 0 30485570 0
111 LOG_DATAPACKET 40 -158 -14 -2087 6 -7 -31 1112 1500 1500 0 30487522 0
111 LOG_DATAPACKET 41 -150 -6 -2083 -12 -3 -25 1112 1500 1500 0 30489476 0
111 LOG_DATAPACKET 42 -144 -21 -2087 -19 3 -23 1112 1500 1500 0 30491428 0
111 LOG_DATAPACKET 43 -146 -8 -2077 -11 -8 -33 1112 1500 1500 0 30493382 0
111 LOG_DATAPACKET 44 -155 -13 -2075 -5 -8 -38 1112 1500 1500 0 30495334 0
111 LOG_DATAPACKET 45 -163 11 -2072 -5 -3 -32 1112 1500 1500 0 30497288 0
111 LOG_DATAPACKET 46 -171 -11 -2085 -13 -4 -20 1112 1500 1500 0 30499240 0
111 LOG_DATAPACKET 47 -153 -5 -2081 -7 -6 -21 1112 1500 1500 0 30501194 0
111 LOG_DATAPACKET 48 -141 -8 -2093 -7 -3 -30 1112 1500 1500 0 30503148 0
111 LOG_DATAPACKET 49 -149 -12 -2080 -6 -7 -35 1112 1500 1500 0 30505100 0
111 LOG_DATAPACKET 50 -145 -10 -2082 -7 -6 -30 1112 1500 1500 0 30507054 0
111 LOG_DATAPACKET 51 -160 -14 -2092 -13 -5 -25 1112 1500 1500 0 30509006 0
111 LOG_DATAPACKET 52 -134 -17 -2065 -9 -3 -29 1112 1500 1500 0 30510960 0
111 LOG_DATAPACKET 53 -143 -17 -2082 -6 -6 -34 1112 1500 1500 0 30512912 0
111 LOG_DATAPACKET 54 -160 -19 -2065 -4 -7 -31 1112 1500 1500 0 30514866 0
111 LOG_DATAPACKET 55 -144 -12 -2103 -6 -6 -26 1112 1500 1500 0 30516820 0
111 LOG_DATAPACKET 56 -146 -12 -2071 -11 0 -29 1112 1500 1500 0 30518772 0
111 LOG_DATAPACKET 57 -145 -11 -2064 -12 0 -30 1112 1500 1500 0 30520726 0
111 LOG_DATAPACKET 58 -159 -19 -2079 -8 -10 -32 1112 1500 1500 0 30522678 0
111 LOG_DATAPACKET 59 -145 -11 -2090 -10 -11 -28 1112 1500 1500 0 30524632 0
111 LOG_DATAPACKET 60 -130 -10 -2094 -9 -5 -29 1112 1500 1500 0 30526584 0
111 LOG_DATAPACKET 61 -152 -22 -2078 -8 1 -27 1112 1500 1500 0 30528538 0
111 LOG_DATAPACKET 62 -163 0 -2083 -7 0 -29 1112 1500 1500 0 30530490 0
111 LOG_DATAPACKET 63 -143 -17 -2068 -7 -10 -28 1112 1500 1500 0 30532444 0
111 LOG_DATAPACKET 64 -155 -18 -2059 -10 -7 -30 1112 1500 1500 0 30534398 0
111 LOG_DATAPACKET 65 -143 -19 -2076 -11 -2 -30 1112 1500 1500 0 30536350 0
111 LOG_DATAPACKET 66 -149 -21 -2069 -10 -1 -29 1112 1500 1500 0 30538304 0
111 LOG_DATAPACKET 67 -157 -6 -2082 -4 -8 -25 1112 1500 1500 0 30540256 0
111 LOG_DATAPACKET 68 -145 -5 -2069 -5 -10 -27 1112 1500 1500 0 30542210 0
111 LOG_DATAPACKET 69 -147 -2 -2081 -10 -8 -33 1112 1500 1500 0 30544162 0
111 LOG_DATAPACKET 70 -155 -7 -2072 -11 -5 -33 1112 1500 1500 0 30546116 0
111 LOG_DATAPACKET 71 -161 -10 -2069 -9 2 -28 1112 1500 1500 0 30548070 0
111 LOG_DATAPACKET 72 -166 -6 -2075 -8 -7 -23 1112 1500 1500 0 30550022 0
111 LOG_DATAPACKET 73 -152 -9 -2073 -7 -8 -29 1112 1500 1500 0 30551976 0
111 LOG_DATAPACKET 74 -137 -10 -2087 -5 -8 -33 1112 1500 1500 0 30553928 0
111 LOG_DATAPACKET 75 -153 -5 -2075 -7 -2 -32 1112 1500 1500 0 30555882 0
111 LOG_DATAPACKET 76 -155 -6 -2080 -10 -3 -28 1112 1500 1500 0 30557834 0
111 LOG_DATAPACKET 77 -163 -4 -2075 -10 -5 -30 1112 1500 1500 0 30559788 0
111 LOG_DATAPACKET 78 -152 -12 -2084 -6 -6 -33 1112 1500 1500 0 30561740 0
111 LOG_DATAPACKET 79 -160 -12 -2084 -6 -6 -30 1112 1500 1500 0 30563694 0
111 LOG_DATAPACKET 80 -151 -10 -2083 -8 -4 -27 1112 1500 1500 0 30565648 0
111 LOG_DATAPACKET 81 -160 -13 -2103 -7 -2 -27 1112 1500 1500 0 30567600 0
111 LOG_DATAPACKET 82 -143 -1 -2052 -5 -5 -24 1112 1500 1500 0 30569554 0
111 LOG_DATAPACKET 83 -142 -5 -2084 -6 -5 -32 1112 1500 1500 0 30571506 0
111 LOG_DATAPACKET 84 -145 -13 -2063 -8 -7 -32 1112 1500 1500 0 30573460 0
111 LOG_DATAPACKET 85 -145 -23 -2091 -11 -4 -30 1112 1500 1500 0 30575412 0
111 LOG_DATAPACKET 86 -152 -17 -2084 -6 -5 -29 1112 1500 1500 0 30577366 0
111 LOG_DATAPACKET 87 -153 -9 -2062 -5 -6 -29 1112 1500 1500 0 30579320 0
111 LOG_DATAPACKET 88 -154 -3 -2100 -2 -6 -31 1112 1500 1500 0 30581272 0
111 LOG_DATAPACKET 89 -145 -10 -2059 -10 -7 -30 1112 1500 1500 0 30583226 0
111 LOG_DATAPACKET 90 -156 -4 -2089 -9 -6 -28 1112 1500 1500 0 30585178 0
111 LOG_DATAPACKET 91 -155 -4 -2088 -10 -7 -27 1112 1500 1500 0 30587132 0
111 LOG_DATAPACKET 92 -148 -12 -2089 -6 -5 -26 1112 1500 1500 0 30589084 0
111 LOG_DATAPACKET 93 -146 -16 -2076 -8 -5 -30 1112 1500 1500 0 30591038 0
111 LOG_DATAPACKET 94 -152 -5 -2080 -9 -4 -29 1112 1500 1500 0 30592990 0
111 LOG_DATAPACKET 95 -156 -10 -2084 -7 -5 -30 1112 1500 1500 0 30594944 0
111 LOG_DATAPACKET 96 -157 -5 -2096 -3 -4 -25 1112 1500 1500 0 30596898 0
111 LOG_DATAPACKET 97 -152 -14 -2084 -6 -6 -29 1112 1500 1500 0 30598850 0
111 LOG_DATAPACKET 98 -140 -12 -2081 -8 -8 -29 1112 1500 1500 0 30600804 0
111 LOG_DATAPACKET 99 -149 -5 -2069 -10 -6 -29 1112 1500 1500 0 30602756 0
111 LOG_DATAPACKET 100 -158 -2 -2076 -8 -4 -27 1112 1500 1500 0 30604710 0
111 LOG_DATAPACKET 101 -142 -11 -2068 -7 -6 -28 1112 1500 1500 0 30606662 0
111 LOG_DATAPACKET 102 -153 -17 -2067 -8 -7 -27 1112 1500 1500 0 30608616 0
111 LOG_DATAPACKET 103 -156 -5 -2077 -11 -5 -32 1112 1500 1500 0 30610570 0
111 LOG_DATAPACKET 104 -149 -7 -2085 -12 -2 -31 1112 1500 1500 0 30612522 0
111 LOG_DATAPACKET 105 -149 -9 -2084 -13 -2 -29 1112 1500 1500 0 30614476 0
111 LOG_DATAPACKET 106 -160 -3 -2084 -11 -4 -27 1112 1500 1500 0 30616428 0
111 LOG_DATAPACKET 107 -154 -9 -2062 -9 -9 -30 1112 1500 1500 0 30618382 0
111 LOG_DATAPACKET 108 -154 -2 -2075 -8 -6 -30 1112 1500 1500 0 30620334 0
111 LOG_DATAPACKET 109 -154 2 -2096 -8 -8 -31 1112 1500 1500 0 30622288 0
111 LOG_DATAPACKET 110 -161 -12 -2098 -9 -3 -27 1112 1500 1500 0 30624240 0
111 LOG_DATAPACKET 111 -142 -5 -2069 -12 -5 -25 1112 1500 1500 0 30626194 0
111 LOG_DATAPACKET 112 -145 -14 -2074 -7 -5 -28 1112 1500 1500 0 30628148 0
111 LOG_DATAPACKET 113 -153 -14 -2100 -6 -7 -28 1112 1500 1500 0 30630100 0
111 LOG_DATAPACKET 114 -148 -15 -2080 -9 -8 -29 1112 1500 1500 0 30632054 0
111 LOG_DATAPACKET 115 -148 -5 -2085 -9 -4 -30 1112 1500 1500 0 30634006 0
111 LOG_DATAPACKET 116 -151 -2 -2081 -6 -6 -24 1112 1500 1500 0 30635960 0
111 LOG_DATAPACKET 117 -143 -12 -2081 -8 -9 -27 1112 1500 1500 0 30637912 0
111 LOG_DATAPACKET 118 -151 -16 -2075 -6 -6 -34 1112 1500 1500 0 30639866 0
111 LOG_DATAPACKET 119 -156 -5 -2094 -7 -5 -28 1112 1500 1500 0 30641820 0
111 LOG_DATAPACKET 120 -158 -6 -2062 -11 -2 -31 1112 1500 1500 0 30643772 0
111 LOG_DATAPACKET 121 -163 -10 -2095 -6 -6 -29 1112 1500 1500 0 30645726 0
111 LOG_DATAPACKET 122 -147 -13 -2105 -8 -9 -27 1112 1500 1500 0 30647678 0
111 LOG_DATAPACKET 123 -137 -6 -2065 -9 -8 -31 1112 1500 1500 0 30649632 0
111 LOG_DATAPACKET 124 -147 -10 -2063 -12 -4 -29 1112 1500 1500 0 30651584 0
111 LOG_DATAPACKET 125 -156 -4 -2056 -8 -5 -28 1112 1500 1500 0 30653538 0
111 LOG_DATAPACKET 126 -155 -6 -2068 -8 -6 -28 1112 1500 1500 0 30655490 0
111 LOG_DATAPACKET 127 -144 -10 -2084 -7 -7 -31 1112 1500 1500 0 30657444 0
111 LOG_DATAPACKET 128 -156 -7 -2054 -6 -7 -30 1112 1500 1500 0 30659398 0
111 LOG_DATAPACKET 129 -151 -4 -2086 -9 -6 -29 1112 1500 1500 0 30661350 0
111 LOG_DATAPACKET 130 -150 1 -2064 -4 -2 -27 1112 1500 1500 0 30663304 0
111 LOG_DATAPACKET 131 -152 -18 -2074 -4 -3 -29 1112 1500 1500 0 30665256 0
111 LOG_DATAPACKET 132 -145 -2 -2079 -10 -7 -28 1112 1500 1500 0 30667210 0
111 LOG_DATAPACKET 133 -155 2 -2096 -12 -11 -33 1112 1500 1500 0 30669162 0
111 LOG_DATAPACKET 134 -150 -15 -2079 -10 -4 -30 1112 1500 1500 0 30671116 0
111 LOG_DATAPACKET 135 -170 -1 -2077 -7 -4 -27 1112 1500 1500 0 30673070 0
111 LOG_DATAPACKET 136 -152 -5 -2065 -7 -5 -26 1112 1500 1500 0 30675022 0
111 LOG_DATAPACKET 137 -147 -21 -2086 -10 -9 -28 1112 1500 1500 0 30676976 0
111 LOG_DATAPACKET 138 -143 -13 -2078 -8 -6 -31 1112 1500 1500 0 30678928 0
111 LOG_DATAPACKET 139 -145 -12 -2092 -6 -1 -32 1112 1500 1500 0 30680882 0
111 LOG_DATAPACKET 140 -161 -17 -2083 -9 -8 -27 1112 1500 1500 0 30682834 0
111 LOG_DATAPACKET 141 -159 -6 -2091 -12 -6 -27 1112 1500 1500 0 30684788 0
111 LOG_DATAPACKET 142 -149 -11 -2068 -9 -7 -29 1112 1500 1500 0 30686740 0
111 LOG_DATAPACKET 143 -135 -16 -2078 -4 -4 -31 1112 1500 1500 0 30688694 0
111 LOG_DATAPACKET 144 -149 -3 -2078 -6 -7 -30 1112 1500 1500 0 30690648 0
111 LOG_DATAPACKET 145 -146 -9 -2101 -7 -6 -29 1112 1500 1500 0 30692600 0
111 LOG_DATAPACKET 146 -145 -13 -2084 -8 -4 -27 1112 1500 1500 0 30694554 0
111 LOG_DATAPACKET 147 -146 -7 -2084 -10 -5 -27 1112 1500 1500 0 30696506 0
111 LOG_DATAPACKET 148 -151 0 -2082 -12 -6 -28 1112 1500 1500 0 30698460 0
111 LOG_DATAPACKET 149 -151 -18 -2077 -11 -5 -28 1112 1500 1500 0 30700412 0
111 LOG_DATAPACKET 150 -162 -6 -2072 -7 -5 -26 1112 1500 1500 0 30702366 0
111 LOG_DATAPACKET 151 -147 -9 -2088 -6 -7 -27 1112 1500 1500 0 30704320 0
111 LOG_DATAPACKET 152 -155 -8 -2080 -7 -8 -30 1112 1500 1500 0 30706272 0
111 LOG_DATAPACKET 153 -141 3 -2078 -9 -6 -30 1112 1500 1500 0 30708226 0
111 LOG_DATAPACKET 154 -152 -13 -2076 -11 0 -31 1112 1500 1500 0 30710178 0
111 LOG_DATAPACKET 155 -152 -20 -2090 -9 -5 -30 1112 1500 1500 0 30712132 0
111 LOG_DATAPACKET 156 -152 6 -2099 -8 -7 -27 1112 1500 1500 0 30714086 0
111 LOG_DATAPACKET 157 -149 -2 -2071 -5 -7 -29 1112 1500 1500 0 30716038 0
111 LOG_DATAPACKET 158 -159 -10 -2069 -7 -5 -30 1112 1500 1500 0 30717992 0
111 LOG_DATAPACKET 159 -154 -19 -2074 -10 -3 -27 1112 1500 1500 0 30719946 0
111 LOG_DATAPACKET 160 -161 -14 -2076 -9 -2 -28 1112 1500 1500 0 30721900 0
111 LOG_DATAPACKET 161 -148 -16 -2072 -8 -3 -28 1112 1500 1500 0 30723852 0
111 LOG_DATAPACKET 162 -158 -19 -2080 -6 -7 -30 1112 1500 1500 0 30725806 0
111 LOG_DATAPACKET 163 -152 -4 -2093 -7 -7 -29 1112 1500 1500 0 30727758 0
111 LOG_DATAPACKET 164 -145 -8 -2093 -9 -5 -29 1113 1500 1500 0 30729712 0
111 LOG_DATAPACKET 165 -157 -7 -2080 -6 -4 -29 1113 1500 1500 0 30731664 0
111 LOG_DATAPACKET 166 -162 -17 -2070 -12 -4 -29 1113 1500 1500 0 30733618 0
111 LOG_DATAPACKET 167 -146 -8 -2090 -8 -8 -26 1113 1500 1500 0 30735570 0
111 LOG_DATAPACKET 168 -148 -6 -2080 -11 -4 -32 1113 1500 1500 0 30737524 0
111 LOG_DATAPACKET 169 -160 -14 -2080 -9 -5 -30 1113 1500 1500 0 30739478 0
111 LOG_DATAPACKET 170 -166 -16 -2083 -9 -5 -29 1113 1500 1500 0 30741430 0
111 LOG_DATAPACKET 171 -156 -4 -2103 -9 -7 -28 1113 1500 1500 0 30743384 0
111 LOG_DATAPACKET 172 -144 -10 -2069 -10 -9 -29 1113 1500 1500 0 30745336 0
111 LOG_DATAPACKET 173 -152 -9 -2080 -8 -7 -28 1113 1500 1500 0 30747290 0
111 LOG_DATAPACKET 174 -159 -15 -2080 -9 -4 -29 1113 1500 1500 0 30749242 0
111 LOG_DATAPACKET 175 -153 -15 -2076 -9 -4 -28 1113 1500 1500 0 30751196 0
111 LOG_DATAPACKET 176 -156 -21 -2087 -8 -7 -28 1112 1500 1500 0 30753150 0
111 LOG_DATAPACKET 177 -139 -13 -2067 -7 -4 -29 1112 1500 1500 0 30755102 0
111 LOG_DATAPACKET 178 -155 -3 -2072 -9 -5 -30 1112 1500 1500 0 30757056 0
111 LOG_DATAPACKET 179 -158 -15 -2081 -8 -2 -28 1112 1500 1500 0 30759008 0
111 LOG_DATAPACKET 180 -145 -12 -2082 -8 -6 -28 1112 1500 1500 0 30760962 0
111 LOG_DATAPACKET 181 -134 -11 -2081 -7 -6 -28 1112 1500 1500 0 30762914 0
111 LOG_DATAPACKET 182 -147 -12 -2075 -6 -6 -29 1112 1500 1500 0 30764868 0
111 LOG_DATAPACKET 183 -153 -6 -2089 -8 -4 -29 1112 1500 1500 0 30766820 0
111 LOG_DATAPACKET 184 -144 -14 -2076 -8 -4 -26 1112 1500 1500 0 30768774 0
111 LOG_DATAPACKET 185 -156 -15 -2062 -8 -5 -29 1112 1500 1500 0 30770728 0
111 LOG_DATAPACKET 186 -152 4 -2077 -9 -6 -26 1112 1500 1500 0 30772680 0
111 LOG_DATAPACKET 187 -157 -7 -2074 -6 -6 -31 1112 1500 1500 0 30774634 0
111 LOG_DATAPACKET 188 -158 -20 -2082 -10 -4 -29 1112 1500 1500 0 30776586 0
111 LOG_DATAPACKET 189 -148 -4 -2094 -7 -5 -30 1112 1500 1500 0 30778540 0
111 LOG_DATAPACKET 190 -148 -9 -2071 -4 -6 -28 1112 1500 1500 0 30780492 0
111 LOG_DATAPACKET 191 -142 -11 -2075 -4 -5 -29 1112 1500 1500 0 30782446 0
111 LOG_DATAPACKET 192 -145 -10 -2084 -9 -7 -29 1112 1500 1500 0 30784400 0
111 LOG_DATAPACKET 193 -156 -14 -2074 -8 -5 -29 1112 1500 1500 0 30786352 0
111 LOG_DATAPACKET 194 -154 -14 -2078 -9 -6 -26 1112 1500 1500 0 30788306 0
111 LOG_DATAPACKET 195 -151 -8 -2086 -10 -4 -29 1112 1500 1500 0 30790258 0
111 LOG_DATAPACKET 196 -137 -21 -2089 -11 -8 -29 1112 1500 1500 0 30792212 0
111 LOG_DATAPACKET 197 -147 -6 -2071 -6 -6 -31 1112 1500 1500 0 30794164 0
111 LOG_DATAPACKET 198 -151 -23 -2094 -6 -7 -29 1112 1500 1500 0 30796118 0
111 LOG_DATAPACKET 199 -158 5 -2100 -8 -5 -28 1112 1500 1500 0 30798070 0
111 LOG_DATAPACKET 200 -151 -4 -2078 -8 -7 -27 1112 1500 1500 0 30800024 0
111 LOG_DATAPACKET 201 -157 -5 -2076 -10 -6 -31 1112 1500 1500 0 30801978 0
111 LOG_DATAPACKET 202 -150 -10 -2074 -9 -4 -31 1112 1500 1500 0 30803930 0
111 LOG_DATAPACKET 203 -148 0 -2077 -7 -4 -29 1112 1500 1500 0 30805884 0
111 LOG_DATAPACKET 204 -148 -5 -2070 -10 -3 -28 1112 1500 1500 0 30807836 0
111 LOG_DATAPACKET 205 -141 -8 -2077 -8 -6 -29 1112 1500 1500 0 30809790 0
111 LOG_DATAPACKET 206 -163 -12 -2095 -7 -6 -29 1112 1500 1500 0 30811742 0
111 LOG_DATAPACKET 207 -142 -24 -2102 -10 -7 -30 1112 1500 1500 0 30813696 0
111 LOG_DATAPACKET 208 -153 -8 -2084 -7 -6 -31 1112 1500 1500 0 30815650 0
111 LOG_DATAPACKET 209 -154 -15 -2080 -6 -4 -30 1112 1500 1500 0 30817602 0
111 LOG_DATAPACKET 210 -151 -9 -2066 -6 -5 -26 1112 1500 1500 0 30819556 0
111 LOG_DATAPACKET 211 -149 -17 -2088 -6 -5 -28 1112 1500 1500 0 30821508 0
111 LOG_DATAPACKET 212 -154 -14 -2085 -5 -4 -30 1112 1500 1500 0 30823462 0
111 LOG_DATAPACKET 213 -144 -17 -2104 -8 -4 -28 1112 1500 1500 0 30825414 0
111 LOG_DATAPACKET 214 -147 -9 -2071 -8 -3 -27 1112 1500 1500 0 30827368 0
111 LOG_DATAPACKET 215 -142 -2 -2080 -5 -5 -28 1112 1500 1500 0 30829320 0
111 LOG_DATAPACKET 216 -159 0 -2054 -9 -6 -29 1112 1500 1500 0 30831274 0
111 LOG_DATAPACKET 217 -142 -14 -2105 -8 -5 -29 1112 1500 1500 0 30833228 0
111 LOG_DATAPACKET 218 -154 -8 -2084 -9 -6 -29 1112 1500 1500 0 30835180 0
111 LOG_DATAPACKET 219 -157 -7 -2089 -5 -4 -30 1112 1500 1500 0 30837134 0
111 LOG_DATAPACKET 220 -141 -20 -2084 -7 -7 -29 1112 1500 1500 0 30839086 0
111 LOG_DATAPACKET 221 -137 -13 -2060 -10 -8 -27 1111 1500 1500 0 30841040 0
111 LOG_DATAPACKET 222 -138 -19 -2083 -11 -6 -31 1111 1500 1500 0 30842992 0
111 LOG_DATAPACKET 223 -144 -12 -2064 -9 -5 -27 1111 1500 1500 0 30844946 0
111 LOG_DATAPACKET 224 -162 -14 -2059 -9 -4 -26 1111 1500 1500 0 30846900 0
111 LOG_DATAPACKET 225 -153 -21 -2074 -5 -6 -29 1111 1500 1500 0 30848852 0
111 LOG_DATAPACKET 226 -157 -8 -2069 -11 -9 -28 1111 1500 1500 0 30850806 0
111 LOG_DATAPACKET 227 -149 -9 -2074 -9 -4 -30 1111 1500 1500 0 30852758 0
111 LOG_DATAPACKET 228 -165 -15 -2081 -9 -8 -30 1111 1500 1500 0 30854712 0
111 LOG_DATAPACKET 229 -153 -13 -2084 -8 -4 -28 1111 1500 1500 0 30856664 0
111 LOG_DATAPACKET 230 -136 -16 -2103 -9 -4 -28 1111 1500 1500 0 30858618 0
111 LOG_DATAPACKET 231 -143 -10 -2078 -9 -7 -28 1111 1500 1500 0 30860570 0
111 LOG_DATAPACKET 232 -166 -13 -2093 -8 -1 -30 1110 1500 1500 0 30862524 0
111 LOG_DATAPACKET 233 -159 -18 -2069 -8 -6 -29 1110 1500 1500 0 30864478 0
111 LOG_DATAPACKET 234 -156 -12 -2084 -11 -5 -26 1110 1500 1500 0 30866430 0
111 LOG_DATAPACKET 235 -150 -8 -2079 -9 -6 -28 1110 1500 1500 0 30868384 0
111 LOG_DATAPACKET 236 -139 1 -2080 -6 -8 -30 1110 1500 1500 0 30870336 0
111 LOG_DATAPACKET 237 -153 -13 -2075 -8 -9 -28 1110 1500 1500 0 30872290 0
111 LOG_DATAPACKET 238 -154 -15 -2072 -8 -7 -28 1110 1500 1500 0 30874242 0
111 LOG_DATAPACKET 239 -155 -11 -2090 -7 -3 -28 1110 1500 1500 0 30876196 0
111 LOG_DATAPACKET 240 -151 -10 -2059 -7 -7 -29 1110 1500 1500 0 30878150 0
111 LOG_DATAPACKET 241 -151 -24 -2069 -8 -4 -31 1110 1500 1500 0 30880102 0
111 LOG_DATAPACKET 242 -152 -19 -2065 -8 -6 -30 1110 1500 1500 0 30882056 0
111 LOG_DATAPACKET 243 -148 -21 -2084 -10 -5 -28 1111 1500 1500 0 30884008 0
111 LOG_DATAPACKET 244 -149 -15 -2068 -8 -4 -29 1111 1500 1500 0 30885962 0
111 LOG_DATAPACKET 245 -153 -1 -2099 -7 -7 -30 1111 1500 1500 0 30887914 0
111 LOG_DATAPACKET 246 -153 -21 -2066 -8 -6 -31 1111 1500 1500 0 30889868 0
111 LOG_DATAPACKET 247 -148 -11 -2049 -10 -4 -31 1111 1500 1500 0 30891820 0
111 LOG_DATAPACKET 248 -155 -4 -2084 -9 -4 -32 1111 1500 1500 0 30893774 0
111 LOG_DATAPACKET 249 -159 -17 -2086 -6 -4 -27 1111 1500 1500 0 30895728 0
111 LOG_DATAPACKET 250 -161 -11 -2100 -7 -7 -30 1111 1500 1500 0 30897680 0
111 LOG_DATAPACKET 251 -141 -13 -2075 -7 -7 -28 1111 1500 1500 0 30899634 0
111 LOG_DATAPACKET 252 -143 -19 -2062 -8 -4 -29 1111 1500 1500 0 30901586 0
111 LOG_DATAPACKET 253 -162 -2 -2061 -5 -2 -29 1111 1500 1500 0 30903540 0
111 LOG_DATAPACKET 254 -153 -1 -2073 -8 -7 -27 1112 1500 1500 0 30905492 0
111 LOG_DATAPACKET 255 -154 -10 -2067 -8 -4 -31 1112 1500 1500 0 30907446 0
111 LOG_DATAPACKET 256 -163 -17 -2064 -8 -2 -30 1112 1500 1500 0 30909400 0
111 LOG_DATAPACKET 257 -156 -12 -2095 -9 -7 -27 1112 1500 1500 0 30911352 0
111 LOG_DATAPACKET 258 -158 -9 -2078 -10 -3 -29 1112 1500 1500 0 30913306 0
111 LOG_DATAPACKET 259 -154 -14 -2069 -7 -7 -26 1112 1500 1500 0 30915258 0
111 LOG_DATAPACKET 260 -151 -8 -2076 -8 -5 -29 1112 1500 1500 0 30917212 0
111 LOG_DATAPACKET 261 -156 -12 -2077 -6 -4 -30 1112 1500 1500 0 30919164 0
111 LOG_DATAPACKET 262 -166 -12 -2076 -8 -6 -29 1112 1500 1500 0 30921118 0
111 LOG_DATAPACKET 263 -158 -12 -2086 -10 -7 -32 1112 1500 1500 0 30923070 0
111 LOG_DATAPACKET 264 -138 -12 -2074 -10 -5 -29 1112 1500 1500 0 30925024 0
111 LOG_DATAPACKET 265 -152 -15 -2063 -8 -6 -30 1112 1500 1500 0 30926978 0
111 LOG_DATAPACKET 266 -147 0 -2070 -6 -4 -29 1112 1500 1500 0 30928930 0
111 LOG_DATAPACKET 267 -155 -8 -2070 -7 -6 -29 1112 1500 1500 0 30930884 0
111 LOG_DATAPACKET 268 -146 -5 -2081 -9 -6 -29 1112 1500 1500 0 30932836 0
111 LOG_DATAPACKET 269 -152 8 -2069 -7 -6 -28 1112 1500 1500 0 30934790 0
111 LOG_DATAPACKET 270 -157 -23 -2085 -6 -4 -27 1112 1500 1500 0 30936742 0
111 LOG_DATAPACKET 271 -155 -11 -2087 -8 -7 -30 1112 1500 1500 0 30938696 0
111 LOG_DATAPACKET 272 -148 -10 -2075 -11 -5 -27 1112 1500 1500 0 30940650 0
111 LOG_DATAPACKET 273 -136 -6 -2083 -7 -6 -30 1112 1500 1500 0 30942602 0
111 LOG_DATAPACKET 274 -160 -4 -2101 -9 -5 -30 1112 1500 1500 0 30944556 0
111 LOG_DATAPACKET 275 -161 -12 -2083 -7 -5 -29 1112 1500 1500 0 30946508 0
111 LOG_DATAPACKET 276 -155 -8 -2096 -9 -2 -29 1112 1500 1500 0 30948462 0
111 LOG_DATAPACKET 277 -161 -3 -2093 -8 -3 -28 1112 1500 1500 0 30950414 0
111 LOG_DATAPACKET 278 -142 4 -2083 -8 -7 -29 1112 1500 1500 0 30952368 0
111 LOG_DATAPACKET 279 -158 -2 -2081 -3 -7 -31 1112 1500 1500 0 30954320 0
111 LOG_DATAPACKET 280 -147 -16 -2056 -8 -7 -30 1112 1500 1500 0 30956274 0
111 LOG_DATAPACKET 281 -135 -2 -2068 -7 -7 -30 1112 1500 1500 0 30958228 0
111 LOG_DATAPACKET 282 -144 -11 -2084 -4 -5 -28 1112 1500 1500 0 30960180 0
111 LOG_DATAPACKET 283 -150 -9 -2087 -8 -6 -28 1112 1500 1500 0 30962134 0
111 LOG_DATAPACKET 284 -164 -15 -2093 -5 -5 -28 1112 1500 1500 0 30964086 0
111 LOG_DATAPACKET 285 -158 -11 -2081 -7 -8 -28 1112 1500 1500 0 30966040 0
111 LOG_DATAPACKET 286 -139 -20 -2094 -6 -5 -29 1112 1500 1500 0 30967992 0
111 LOG_DATAPACKET 287 -144 -12 -2079 -7 -3 -29 1112 1500 1500 0 30969946 0
111 LOG_DATAPACKET 288 -150 1 -2090 -8 -6 -31 1112 1500 1500 0 30971900 0
111 LOG_DATAPACKET 289 -157 -9 -2078 -8 -6 -28 1112 1500 1500 0 30973854 0
111 LOG_DATAPACKET 290 -154 -6 -2099 -9 -7 -28 1112 1500 1500 0 30975808 0
111 LOG_DATAPACKET 291 -158 -19 -2085 -10 -6 -29 1112 1500 1500 0 30977760 0
111 LOG_DATAPACKET 292 -160 -6 -2075 -10 -6 -29 1112 1500 1500 0 30979712 0
111 LOG_DATAPACKET 293 -150 -10 -2093 -7 -5 -28 1112 1500 1500 0 30981666 0
