111 LOG_DATAPACKET 764 97 -1161 -3570 56 861 -1173 1489 0 0 1734 1601 0
111 LOG_DATAPACKET 2 2522 -2367 5832 1754 1336 321 1488 0 0 1734 1600 0
111 LOG_DATAPACKET 3 4539 4820 -5128 -2470 4173 581 1488 0 0 1734 1600 0
111 LOG_DATAPACKET 4 993 -4447 6560 949 1032 14 1488 0 0 1734 1600 0
111 LOG_DATAPACKET 5 5286 797 -4812 -639 2664 194 1488 0 0 1734 1600 0
111 LOG_DATAPACKET 6 -301 -1787 7045 994 -3193 -251 1488 0 0 1734 1600 0
111 LOG_DATAPACKET 7 2589 2113 -1414 -3017 -1253 628 1488 0 0 1734 1601 0
111 LOG_DATAPACKET 8 23 -3243 5144 3017 -3234 563 1488 0 0 1734 1601 0
111 LOG_DATAPACKET 9 2127 5046 -468 206 -201 689 1488 0 0 1734 1601 0
111 LOG_DATAPACKET 10 1544 835 -1590 -41 -2015 656 1488 0 0 1734 1601 0
111 LOG_DATAPACKET 11 1201 -2071 -682 3289 -192 -438 1488 0 0 1734 1601 0
111 LOG_DATAPACKET 12 4052 2645 -1933 -127 2767 -174 1488 0 0 1734 1601 0
111 LOG_DATAPACKET 13 1383 -958 -401 2202 -232 7 1488 0 0 1734 1601 0
111 LOG_DATAPACKET 14 2622 -2868 3565 -179 4515 256 1488 0 0 1734 1601 0
111 LOG_DATAPACKET 15 7270 1140 -620 -546 2723 466 1488 0 0 1734 1601 0
111 LOG_DATAPACKET 16 2006 -1034 2823 -1761 567 28 1488 0 0 1734 1601 0
111 LOG_DATAPACKET 17 4526 -1171 -399 -3494 2586 -239 1488 0 0 1734 1601 0
111 LOG_DATAPACKET 18 2664 -2509 7857 -1680 -363 301 1488 0 0 1734 1601 0
111 LOG_DATAPACKET 19 3370 607 -745 -3838 1603 291 1488 0 0 1734 1601 0
111 LOG_DATAPACKET 20 263 -2053 9754 -440 -1230 1227 1488 0 0 1734 1601 0
111 LOG_DATAPACKET 21 3833 2664 -4677 -883 1747 517 1488 0 0 1734 1601 0
111 LOG_DATAPACKET 22 707 -1022 6327 -2242 168 841 1488 0 0 1734 1601 0
111 LOG_DATAPACKET 23 3586 558 -5661 -1241 3055 -70 1488 0 0 1734 1601 0
111 LOG_DATAPACKET 24 2621 -780 6009 -1023 150 470 1488 0 0 1734 1601 0
111 LOG_DATAPACKET 25 2096 -792 -2655 -607 1340 276 1488 0 0 1734 1601 0
111 LOG_DATAPACKET 26 -673 -522 5910 -1277 -1794 809 1488 0 0 1734 1601 0
111 LOG_DATAPACKET 27 1586 -1100 -4477 1883 568 303 1488 0 0 1734 1601 0
111 LOG_DATAPACKET 28 -1345 15 3949 -288 -3323 137 1488 0 0 1734 1601 0
111 LOG_DATAPACKET 29 2609 1104 -3992 -1189 -351 423 1489 0 0 1734 1600 0
111 LOG_DATAPACKET 30 -465 -2330 429 2689 -1820 169 1489 0 0 1734 1600 0
111 LOG_DATAPACKET 31 281 1953 54 -1302 1401 445 1489 0 0 1734 1600 0
111 LOG_DATAPACKET 32 2357 -630 -1728 86 791 80 1489 0 0 1734 1600 0
111 LOG_DATAPACKET 33 109 -1687 4304 2405 894 -608 1489 0 0 1734 1600 0
111 LOG_DATAPACKET 34 2714 3112 -452 -2341 1191 -410 1489 0 0 1734 1600 0
111 LOG_DATAPACKET 35 -1216 -2514 -6063 -80 -446 -317 1489 0 0 1734 1600 0
111 LOG_DATAPACKET 36 -3189 -1507 1528 316 -1255 765 1489 0 0 1734 1600 0
111 LOG_DATAPACKET 37 1176 2442 1419 566 -825 1227 1489 0 0 1734 1600 0
111 LOG_DATAPACKET 38 3385 447 688 608 814 1050 1489 0 0 1734 1600 0
111 LOG_DATAPACKET 39 3634 2642 -4265 -1620 2045 707 1489 0 0 1734 1600 0
111 LOG_DATAPACKET 40 2439 -3680 3665 2545 -619 226 1488 0 0 1734 1601 0
111 LOG_DATAPACKET 41 1964 -1528 5378 -262 3144 -183 1488 0 0 1734 1601 0
111 LOG_DATAPACKET 42 293 -1066 2778 73 1408 -340 1488 0 0 1734 1601 0
111 LOG_DATAPACKET 43 5040 -2772 -691 444 3044 -4 1488 0 0 1734 1601 0
111 LOG_DATAPACKET 44 1059 -545 3837 3196 -1886 -460 1488 0 0 1734 1601 0
111 LOG_DATAPACKET 45 1605 2004 2475 -2204 -1681 23 1488 0 0 1734 1601 0
111 LOG_DATAPACKET 46 1143 -2862 1427 2909 -2620 402 1488 0 0 1734 1601 0
111 LOG_DATAPACKET 47 762 1209 3508 2597 -2097 -294 1488 0 0 1734 1601 0
111 LOG_DATAPACKET 48 3105 5713 -4287 -2706 -889 258 1488 0 0 1734 1601 0
111 LOG_DATAPACKET 49 -725 -5075 2512 4570 -2446 -799 1488 0 0 1734 1601 0
111 LOG_DATAPACKET 50 5085 2310 -3300 2666 2718 -1012 1488 0 0 1734 1601 0
111 LOG_DATAPACKET 51 940 1536 -1019 1322 688 -505 1488 0 0 1734 1601 0
111 LOG_DATAPACKET 52 1539 -4768 2522 2473 1422 -107 1488 0 0 1734 1601 0
111 LOG_DATAPACKET 53 6517 2187 439 -925 5086 120 1488 0 0 1734 1601 0
111 LOG_DATAPACKET 54 3428 -268 2965 -29 -769 -35 1488 0 0 1734 1601 0
111 LOG_DATAPACKET 55 4309 -2054 2423 -3247 2252 -476 1488 0 0 1734 1601 0
111 LOG_DATAPACKET 56 4477 -446 -1840 -792 68 -620 1488 0 0 1734 1601 0
111 LOG_DATAPACKET 57 2141 1184 3958 -2287 290 221 1488 0 0 1734 1601 0
111 LOG_DATAPACKET 58 1690 -171 335 -506 -270 494 1488 0 0 1734 1601 0
111 LOG_DATAPACKET 59 847 1602 5608 -855 284 781 1488 0 0 1734 1601 0
111 LOG_DATAPACKET 60 3402 -395 -4358 -1453 898 -120 1488 0 0 1734 1601 0
111 LOG_DATAPACKET 61 3343 -368 -1943 -872 2649 -190 1488 0 0 1734 1601 0
111 LOG_DATAPACKET 62 2526 -209 3514 83 -133 3 1488 0 0 1734 1601 0
111 LOG_DATAPACKET 63 2255 -250 -2135 -511 1648 399 1488 0 0 1734 1601 0
111 LOG_DATAPACKET 64 672 -2336 4129 879 -1827 506 1488 0 0 1734 1601 0
111 LOG_DATAPACKET 65 1572 2418 -2050 -898 -41 236 1488 0 0 1734 1601 0
111 LOG_DATAPACKET 66 -178 -3772 898 178 -2787 -71 1488 0 0 1734 1601 0
111 LOG_DATAPACKET 67 1327 1292 1129 73 -2028 -59 1488 0 0 1734 1601 0
111 LOG_DATAPACKET 68 639 156 -4428 462 -740 133 1488 0 0 1734 1601 0
111 LOG_DATAPACKET 69 -653 -1791 3094 839 -697 340 1488 0 0 1734 1601 0
111 LOG_DATAPACKET 70 2080 2065 -2605 -20 1593 159 1488 0 0 1734 1601 0
111 LOG_DATAPACKET 71 908 -1971 1962 1842 1166 -959 1488 0 0 1734 1601 0
111 LOG_DATAPACKET 72 1262 79 4629 935 38 -950 1488 0 0 1734 1601 0
111 LOG_DATAPACKET 73 -47 1761 -7449 386 751 -799 1488 0 0 1734 1601 0
111 LOG_DATAPACKET 74 -2620 -4267 60 232 -1641 406 1488 0 0 1734 1601 0
111 LOG_DATAPACKET 75 387 2121 3349 1479 -1131 337 1488 0 0 1734 1601 0
111 LOG_DATAPACKET 76 3126 891 -2229 828 220 29 1488 0 0 1734 1601 0
111 LOG_DATAPACKET 77 2783 -2387 3979 1089 7 442 1488 0 0 1734 1601 0
111 LOG_DATAPACKET 78 4581 1910 -3832 1558 842 157 1488 0 0 1734 1601 0
111 LOG_DATAPACKET 79 501 -1461 5712 1803 1945 187 1488 0 0 1734 1601 0
111 LOG_DATAPACKET 80 4694 -129 -4466 -624 3635 -696 1488 0 0 1734 1601 0
111 LOG_DATAPACKET 81 1353 -3329 5372 3249 -340 -1140 1488 0 0 1734 1601 0
111 LOG_DATAPACKET 82 3668 1455 1577 1249 436 -867 1488 0 0 1734 1601 0
111 LOG_DATAPACKET 83 -44 -1883 8119 1023 -2940 -530 1488 0 0 1734 1601 0
111 LOG_DATAPACKET 84 2432 1080 -2584 968 -1887 197 1488 0 0 1734 1601 0
111 LOG_DATAPACKET 85 -676 -3266 6082 5730 -3936 -269 1488 0 0 1734 1601 0
111 LOG_DATAPACKET 86 4313 6592 -4251 -927 147 -585 1488 0 0 1734 1601 0
111 LOG_DATAPACKET 87 -1161 -2752 916 3723 -3562 -592 1488 0 0 1734 1601 0
111 LOG_DATAPACKET 88 3710 -797 -1392 4797 1629 -1630 1488 0 0 1734 1601 0
111 LOG_DATAPACKET 89 3163 2840 -1927 709 1731 -812 1488 0 0 1734 1601 0
111 LOG_DATAPACKET 90 1327 -3157 501 3622 -265 -403 1488 0 0 1734 1601 0
111 LOG_DATAPACKET 91 4801 -342 2750 -561 4793 -604 1488 0 0 1734 1601 0
111 LOG_DATAPACKET 92 7040 -2 -341 -1378 1563 -453 1488 0 0 1734 1601 0
111 LOG_DATAPACKET 93 2159 -3130 5489 -1266 -375 -841 1488 0 0 1734 1601 0
111 LOG_DATAPACKET 94 4995 491 -4382 -1638 1545 -583 1488 0 0 1734 1601 0
111 LOG_DATAPACKET 95 2184 -494 6105 -690 -967 -15 1488 0 0 1734 1601 0
111 LOG_DATAPACKET 96 4027 704 -3359 -2088 996 119 1488 0 0 1734 1601 0
111 LOG_DATAPACKET 97 -489 694 7726 218 -1580 482 1488 0 0 1734 1601 0
111 LOG_DATAPACKET 98 3847 1939 -4112 -834 1968 -681 1488 0 0 1734 1601 0
111 LOG_DATAPACKET 99 1882 -2145 5410 -327 -159 181 1488 0 0 1734 1601 0
111 LOG_DATAPACKET 100 3298 390 -5106 801 2493 -259 1488 0 0 1734 1601 0
111 LOG_DATAPACKET 101 1125 -934 6223 -322 -922 727 1488 0 0 1734 1601 0
111 LOG_DATAPACKET 102 2392 620 -3745 -58 843 -423 1488 0 0 1734 1601 0
111 LOG_DATAPACKET 103 -913 -4849 4329 -1457 -3073 -433 1488 0 0 1734 1601 0
111 LOG_DATAPACKET 104 2138 3167 -868 1472 -631 -466 1488 0 0 1734 1601 0
111 LOG_DATAPACKET 105 -1083 1318 4890 -559 -3766 -129 1488 0 0 1734 1601 0
111 LOG_DATAPACKET 106 2111 255 -5533 -584 -358 -65 1488 0 0 1734 1601 0
111 LOG_DATAPACKET 107 -1172 -2510 1609 2621 -986 269 1488 0 0 1734 1601 0
111 LOG_DATAPACKET 108 1298 2835 -414 -1338 891 -489 1489 0 0 1734 1601 0
111 LOG_DATAPACKET 109 2311 -1087 -429 1855 1476 -759 1489 0 0 1734 1601 0
111 LOG_DATAPACKET 110 354 -1815 5421 3108 -160 -1569 1489 0 0 1734 1601 0
111 LOG_DATAPACKET 111 745 2770 -3580 -236 -123 -742 1489 0 0 1734 1601 0
111 LOG_DATAPACKET 112 -1397 -3112 -3959 2662 -1104 -83 1489 0 0 1734 1601 0
111 LOG_DATAPACKET 113 -2024 116 5012 1940 -2838 -54 1489 0 0 1734 1601 0
111 LOG_DATAPACKET 114 2631 1815 -2234 444 -172 -477 1489 0 0 1734 1601 0
111 LOG_DATAPACKET 115 2451 -2448 3231 2932 -686 -261 1489 0 0 1734 1601 0
111 LOG_DATAPACKET 116 5334 1317 -1984 680 2230 -138 1489 0 0 1734 1601 0
111 LOG_DATAPACKET 117 247 400 2067 4388 -670 -344 1489 0 0 1734 1601 0
111 LOG_DATAPACKET 118 3631 -1988 1542 -969 4368 -843 1489 0 0 1734 1601 0
111 LOG_DATAPACKET 119 2764 -470 -1034 3446 -614 -1566 1488 0 0 1734 1601 0
111 LOG_DATAPACKET 120 2181 -1998 7947 1735 1138 -1260 1488 0 0 1734 1601 0
111 LOG_DATAPACKET 121 2228 2211 -3487 2764 -3524 -1142 1488 0 0 1734 1601 0
111 LOG_DATAPACKET 122 -1371 -4939 8382 1080 -2214 -486 1488 0 0 1734 1601 0
111 LOG_DATAPACKET 123 3333 3565 -2940 5391 -2694 176 1488 0 0 1734 1601 0
111 LOG_DATAPACKET 124 -947 430 301 218 -1824 -1667 1488 0 0 1734 1601 0
111 LOG_DATAPACKET 125 3819 -2744 514 2749 -1819 -1131 1488 0 0 1734 1601 0
111 LOG_DATAPACKET 126 1100 -2256 -41 5909 -663 -1601 1488 0 0 1734 1601 0
111 LOG_DATAPACKET 127 4414 2682 -1374 1148 2136 -1701 1488 0 0 1734 1601 0
111 LOG_DATAPACKET 128 1959 -1174 -1829 3027 -398 -32 1488 0 0 1734 1601 0
111 LOG_DATAPACKET 129 2142 -3209 4144 1434 3284 -852 1488 0 0 1734 1601 0
111 LOG_DATAPACKET 130 7248 1635 672 -1050 2599 -834 1488 0 0 1734 1601 0
111 LOG_DATAPACKET 131 2147 -1195 3132 -1344 -414 -1120 1488 0 0 1734 1601 0
111 LOG_DATAPACKET 132 3973 -1495 1603 -1309 1094 -604 1488 0 0 1734 1601 0
111 LOG_DATAPACKET 133 3767 307 1787 -475 -463 -466 1488 0 0 1734 1601 0
111 LOG_DATAPACKET 134 3361 705 149 -2448 655 -23 1488 0 0 1734 1601 0
111 LOG_DATAPACKET 135 1024 557 2774 1723 -848 -191 1488 0 0 1734 1601 0
111 LOG_DATAPACKET 136 2167 2694 1756 -1749 590 -31 1488 0 0 1734 1601 0
111 LOG_DATAPACKET 137 2059 -2326 933 1099 813 -369 1488 0 0 1734 1601 0
111 LOG_DATAPACKET 138 4050 948 190 504 2614 -297 1488 0 0 1734 1601 0
111 LOG_DATAPACKET 139 1499 -1737 1908 1180 -1338 -134 1488 0 0 1734 1601 0
111 LOG_DATAPACKET 140 1727 1683 1111 -201 559 -233 1488 0 0 1734 1601 0
111 LOG_DATAPACKET 141 -307 -6165 -570 664 -2660 -516 1488 0 0 1734 1601 0
111 LOG_DATAPACKET 142 1339 3490 2922 1165 -848 -533 1488 0 0 1734 1601 0
111 LOG_DATAPACKET 143 1483 -639 -5281 -597 -2251 -476 1488 0 0 1734 1601 0
111 LOG_DATAPACKET 144 -1203 -3003 4577 1278 -1989 -590 1488 0 0 1734 1601 0
111 LOG_DATAPACKET 145 1900 3828 -5006 1547 -297 -313 1488 0 0 1734 1601 0
111 LOG_DATAPACKET 146 -579 -2096 1919 333 -365 -844 1488 0 0 1734 1601 0
111 LOG_DATAPACKET 147 1733 -970 3717 1284 1324 -1055 1488 0 0 1734 1601 0
111 LOG_DATAPACKET 148 -32 -2815 5315 3361 451 -1455 1488 0 0 1734 1601 0
111 LOG_DATAPACKET 149 2018 2188 553 -722 -199 -1534 1488 0 0 1734 1601 0
111 LOG_DATAPACKET 150 -301 -2000 -6567 1526 -332 -968 1488 0 0 1734 1601 0
111 LOG_DATAPACKET 151 -3198 -1447 2742 1708 -2385 -86 1488 0 0 1734 1601 0
111 LOG_DATAPACKET 152 2254 829 891 1315 -517 -404 1488 0 0 1734 1601 0
111 LOG_DATAPACKET 153 2365 494 381 2123 260 -272 1488 0 0 1734 1601 0
111 LOG_DATAPACKET 154 4229 -1039 1288 1044 1257 -280 1488 0 0 1734 1601 0
111 LOG_DATAPACKET 155 2926 1714 -1469 2177 1040 -672 1488 0 0 1734 1601 0
111 LOG_DATAPACKET 156 1568 -2163 5814 1109 1927 -1280 1488 0 0 1734 1601 0
111 LOG_DATAPACKET 157 4388 865 -4922 1364 2262 -2011 1488 0 0 1734 1601 0
111 LOG_DATAPACKET 158 854 -3844 8778 4731 -1567 -1604 1488 0 0 1734 1601 0
111 LOG_DATAPACKET 159 3162 2708 -3190 1466 -1011 -768 1488 0 0 1734 1601 0
111 LOG_DATAPACKET 160 -496 -3036 5861 700 -3387 -1121 1488 0 0 1734 1601 0
111 LOG_DATAPACKET 161 2149 797 1479 4182 -2176 -5 1488 0 0 1734 1601 0
111 LOG_DATAPACKET 162 65 3317 -688 2892 -3362 -1331 1488 0 0 1734 1601 0
111 LOG_DATAPACKET 163 1247 -2914 1677 -454 -1316 -1774 1488 0 0 1734 1601 0
111 LOG_DATAPACKET 164 4782 1216 -3413 6690 -907 -1292 1488 0 0 1734 1601 0
111 LOG_DATAPACKET 165 -461 508 -279 2717 1630 -2002 1488 0 0 1734 1601 0
111 LOG_DATAPACKET 166 3966 -2740 526 1628 797 -836 1488 0 0 1734 1601 0
111 LOG_DATAPACKET 167 6776 2352 -1537 1943 2134 -872 1488 0 0 1734 1601 0
111 LOG_DATAPACKET 168 -738 -3700 9551 -885 2429 -1319 1488 0 0 1734 1601 0
111 LOG_DATAPACKET 169 8304 993 -5481 -1858 1276 -1383 1488 0 0 1734 1601 0
111 LOG_DATAPACKET 170 3236 -2712 4554 -1750 402 -1110 1488 0 0 1734 1601 0
111 LOG_DATAPACKET 171 5329 133 -3443 -113 1198 -499 1488 0 0 1734 1601 0
111 LOG_DATAPACKET 172 2077 1011 4689 -3036 -897 -164 1488 0 0 1734 1601 0
111 LOG_DATAPACKET 173 2984 -94 -594 351 677 -603 1488 0 0 1734 1601 0
111 LOG_DATAPACKET 174 142 2253 6745 -1063 -1495 -258 1488 0 0 1734 1601 0
111 LOG_DATAPACKET 175 3795 -654 -4174 -601 2037 -971 1488 0 0 1734 1601 0
111 LOG_DATAPACKET 176 3067 -1011 5258 1191 -207 6 1488 0 0 1734 1601 0
111 LOG_DATAPACKET 177 2105 557 -4602 499 1398 -408 1488 0 0 1734 1601 0
111 LOG_DATAPACKET 178 1535 -84 6679 -393 -1779 410 1488 0 0 1734 1601 0
111 LOG_DATAPACKET 179 1682 -2119 -4628 628 -326 -802 1488 0 0 1734 1601 0
111 LOG_DATAPACKET 180 137 -236 4995 -1105 -3331 -1155 1488 0 0 1734 1601 0
111 LOG_DATAPACKET 181 1720 980 -5614 466 -1534 -443 1488 0 0 1734 1601 0
111 LOG_DATAPACKET 182 -1895 -2507 3091 1138 -2978 -707 1488 0 0 1734 1601 0
111 LOG_DATAPACKET 183 2161 2411 -2604 752 201 15 1488 0 0 1734 1601 0
111 LOG_DATAPACKET 184 1039 93 -2136 891 -832 -740 1488 0 0 1734 1601 0
111 LOG_DATAPACKET 185 283 -1811 5153 780 923 -1335 1488 0 0 1734 1601 0
111 LOG_DATAPACKET 186 3887 3490 -90 2418 493 -1739 1488 0 0 1734 1601 0
111 LOG_DATAPACKET 187 -85 -2707 -1238 2313 -260 -1896 1489 0 0 1734 1601 0
111 LOG_DATAPACKET 188 -1088 329 -2589 -121 -738 -613 1489 0 0 1734 1601 0
111 LOG_DATAPACKET 189 -629 -494 -1964 3320 -1712 -315 1489 0 0 1734 1601 0
111 LOG_DATAPACKET 190 1934 -127 2867 1312 -1765 -574 1489 0 0 1734 1601 0
111 LOG_DATAPACKET 191 2701 1192 -1905 266 508 -1162 1489 0 0 1734 1601 0
111 LOG_DATAPACKET 192 2999 -2171 3177 2968 -607 -744 1489 0 0 1734 1601 0
111 LOG_DATAPACKET 193 3937 2382 -2375 1827 906 -393 1489 0 0 1734 1601 0
111 LOG_DATAPACKET 194 1937 2544 -2000 966 1684 -1100 1489 0 0 1734 1601 0
111 LOG_DATAPACKET 195 5856 592 -5606 -26 3528 -1103 1489 0 0 1734 1601 0
111 LOG_DATAPACKET 196 328 -3751 5172 4597 -1090 -1927 1489 0 0 1734 1601 0
111 LOG_DATAPACKET 197 4090 1323 1544 1171 44 -1302 1489 0 0 1734 1601 0
111 LOG_DATAPACKET 198 554 595 1881 1289 -3544 -1291 1488 0 0 1735 1601 0
111 LOG_DATAPACKET 199 918 -2160 5764 2672 -2681 -807 1488 0 0 1735 1601 0
111 LOG_DATAPACKET 200 2226 3654 -655 3920 -2572 -180 1488 0 0 1735 1601 0
111 LOG_DATAPACKET 201 -725 262 733 552 -2348 -1724 1488 0 0 1735 1601 0
111 LOG_DATAPACKET 202 5266 -1165 -2709 4778 -848 -1183 1488 0 0 1735 1601 0
111 LOG_DATAPACKET 203 1104 1603 -3033 4449 975 -2071 1488 0 0 1735 1601 0
111 LOG_DATAPACKET 204 966 -2257 2731 338 954 -1295 1488 0 0 1735 1601 0
111 LOG_DATAPACKET 205 6995 -36 -1648 2590 813 -472 1488 0 0 1735 1601 0
111 LOG_DATAPACKET 206 -494 -1564 6997 93 2537 -922 1488 0 0 1735 1601 0
111 LOG_DATAPACKET 207 6876 -235 634 -1718 1284 -701 1488 0 0 1735 1601 0
111 LOG_DATAPACKET 208 4063 -1439 136 -989 -751 -1371 1488 0 0 1735 1601 0
111 LOG_DATAPACKET 209 3868 -889 4080 -1704 950 -744 1488 0 0 1734 1601 0
111 LOG_DATAPACKET 210 2636 1727 -3074 -1899 -1259 -427 1488 0 0 1734 1601 0
111 LOG_DATAPACKET 211 1402 1202 7314 -1293 227 27 1488 0 0 1734 1601 0
111 LOG_DATAPACKET 212 3514 748 -1935 -284 -1076 -459 1488 0 0 1734 1601 0
111 LOG_DATAPACKET 213 3751 1248 -3065 -1624 2050 -596 1488 0 0 1734 1601 0
111 LOG_DATAPACKET 214 2128 -1352 5395 295 -770 -295 1488 0 0 1734 1601 0
111 LOG_DATAPACKET 215 3290 72 -4062 364 1849 -537 1488 0 0 1734 1601 0
111 LOG_DATAPACKET 216 1314 -668 6191 168 -2045 142 1488 0 0 1734 1601 0
111 LOG_DATAPACKET 217 1807 686 -3533 -968 290 -128 1488 0 0 1734 1601 0
111 LOG_DATAPACKET 218 -1092 -3622 4508 -1 -3497 -550 1488 0 0 1734 1601 0
111 LOG_DATAPACKET 219 2294 2424 -1209 1366 -1710 -627 1488 0 0 1734 1601 0
111 LOG_DATAPACKET 220 -42 -924 -1743 -298 -3173 -551 1488 0 0 1734 1601 0
111 LOG_DATAPACKET 221 572 -1370 1891 1831 -1679 -186 1488 0 0 1734 1601 0
111 LOG_DATAPACKET 222 1579 3233 -6674 268 570 120 1488 0 0 1734 1601 0
111 LOG_DATAPACKET 223 -833 -2692 5051 -36 -531 -1271 1488 0 0 1734 1601 0
111 LOG_DATAPACKET 224 3311 2007 1816 2145 146 -1271 1488 0 0 1734 1601 0
111 LOG_DATAPACKET 225 1129 -107 -826 2529 132 -1828 1488 0 0 1734 1601 0
111 LOG_DATAPACKET 226 -1155 -792 -763 -1484 -1133 -735 1488 0 0 1734 1601 0
111 LOG_DATAPACKET 227 -1275 152 -4261 2445 -1358 -194 1488 0 0 1734 1601 0
111 LOG_DATAPACKET 228 441 132 1892 1452 -2510 -288 1488 0 0 1734 1601 0
111 LOG_DATAPACKET 229 3346 352 4937 -255 93 -464 1488 0 0 1734 1601 0
111 LOG_DATAPACKET 230 2802 1723 -3946 2110 -780 -489 1488 0 0 1734 1601 0
111 LOG_DATAPACKET 231 3417 -2567 5191 1588 1704 -36 1488 0 0 1734 1601 0
111 LOG_DATAPACKET 232 4082 5167 -5465 1106 1035 -189 1488 0 0 1734 1601 0
111 LOG_DATAPACKET 233 1332 -4746 7230 306 2463 -917 1488 0 0 1734 1601 0
111 LOG_DATAPACKET 234 5364 1063 -5418 1693 702 -1582 1488 0 0 1734 1601 0
111 LOG_DATAPACKET 235 3359 -1741 6007 2088 359 -1155 1488 0 0 1734 1601 0
111 LOG_DATAPACKET 236 1264 2330 -687 1686 -3415 -928 1488 0 0 1734 1601 0
111 LOG_DATAPACKET 237 -9 -2739 6584 279 -2949 -404 1488 0 0 1734 1601 0
111 LOG_DATAPACKET 238 2962 1118 -1872 4508 -2526 283 1488 0 0 1734 1601 0
111 LOG_DATAPACKET 239 -407 1323 977 839 -2873 -1284 1488 0 0 1734 1601 0
111 LOG_DATAPACKET 240 3982 -162 -1464 2047 -1607 -837 1488 0 0 1734 1601 0
111 LOG_DATAPACKET 241 1749 88 -2556 4044 -16 -1099 1488 0 0 1734 1601 0
111 LOG_DATAPACKET 242 981 -329 1121 1548 481 -1296 1488 0 0 1734 1601 0
111 LOG_DATAPACKET 243 5538 15 -2120 426 1374 -113 1488 0 0 1734 1601 0
111 LOG_DATAPACKET 244 1379 -1216 4763 518 1900 -421 1488 0 0 1734 1601 0
111 LOG_DATAPACKET 245 1285 -1803 5953 -1419 -473 -554 1488 0 0 1734 1601 0
111 LOG_DATAPACKET 246 5633 121 -2493 -2592 632 -1122 1488 0 0 1734 1601 0
111 LOG_DATAPACKET 247 3434 -2683 5498 -2437 866 -548 1488 0 0 1734 1601 0
111 LOG_DATAPACKET 248 4353 2819 -5314 -1192 -703 -463 1488 0 0 1734 1601 0
111 LOG_DATAPACKET 249 1126 -803 8755 -3519 44 313 1488 0 0 1734 1601 0
111 LOG_DATAPACKET 250 3863 2242 -2507 121 -693 53 1488 0 0 1734 1601 0
111 LOG_DATAPACKET 251 869 -921 6028 -3206 507 143 1488 0 0 1734 1601 0
111 LOG_DATAPACKET 252 3717 198 -4105 20 603 -624 1488 0 0 1734 1601 0
111 LOG_DATAPACKET 253 2671 -247 5217 -1135 846 -105 1488 0 0 1734 1601 0
111 LOG_DATAPACKET 254 1891 -645 -2013 574 -1001 -88 1488 0 0 1734 1601 0
111 LOG_DATAPACKET 255 107 1608 5177 -2243 -1566 255 1488 0 0 1734 1601 0
111 LOG_DATAPACKET 256 494 -3163 -3794 1054 -1894 -404 1488 0 0 1734 1601 0
111 LOG_DATAPACKET 257 2274 2216 46 786 -1602 -309 1488 0 0 1734 1601 0
111 LOG_DATAPACKET 258 76 107 -2368 -737 -3835 52 1488 0 0 1734 1601 0
111 LOG_DATAPACKET 259 431 -1861 2933 777 -2467 -75 1488 0 0 1734 1601 0
111 LOG_DATAPACKET 260 1776 2870 -5965 815 -196 80 1488 0 0 1734 1601 0
111 LOG_DATAPACKET 261 -1471 -1302 2594 -1589 -1126 -675 1488 0 0 1734 1601 0
111 LOG_DATAPACKET 262 3216 -912 273 1171 746 -692 1488 0 0 1734 1601 0
111 LOG_DATAPACKET 263 757 1097 876 1412 233 -1064 1488 0 0 1734 1601 0
111 LOG_DATAPACKET 264 -164 -377 2789 -1645 -1069 -928 1488 0 0 1734 1601 0
111 LOG_DATAPACKET 265 -392 639 -8598 -299 -783 -142 1488 0 0 1734 1601 0
111 LOG_DATAPACKET 266 -2471 -1697 2687 1507 -2553 55 1489 0 0 1734 1601 0
111 LOG_DATAPACKET 267 3229 1845 5276 782 -810 168 1489 0 0 1734 1601 0
111 LOG_DATAPACKET 268 2873 2639 -3194 268 354 -70 1489 0 0 1734 1601 0
111 LOG_DATAPACKET 269 3628 -2652 3335 642 1271 444 1489 0 0 1734 1601 0
111 LOG_DATAPACKET 270 3820 5116 -3367 1547 167 409 1489 0 0 1734 1601 0
111 LOG_DATAPACKET 271 398 -3318 6877 -800 2768 -68 1489 0 0 1734 1601 0
111 LOG_DATAPACKET 272 5697 907 -6983 -14 1935 -823 1489 0 0 1734 1601 0
111 LOG_DATAPACKET 273 -200 -3371 9123 3587 -1143 -797 1489 0 0 1734 1601 0
111 LOG_DATAPACKET 274 2829 3431 -1645 628 -1584 62 1489 0 0 1734 1601 0
111 LOG_DATAPACKET 275 -340 -2602 5028 -887 -3756 -86 1489 0 0 1734 1601 0
111 LOG_DATAPACKET 276 1563 167 2770 1860 -2038 600 1489 0 0 1734 1601 0
111 LOG_DATAPACKET 277 665 3357 -1809 1304 -3884 -125 1488 0 0 1734 1601 0
111 LOG_DATAPACKET 278 3860 3911 -4241 -2346 -993 -334 1488 0 0 1734 1601 0
111 LOG_DATAPACKET 279 152 -3232 144 4294 -2148 -303 1488 0 0 1734 1601 0
111 LOG_DATAPACKET 280 2619 1144 -881 1458 2103 -939 1488 0 0 1734 1601 0
111 LOG_DATAPACKET 281 3535 1984 -2572 -801 761 31 1488 0 0 1734 1601 0
111 LOG_DATAPACKET 282 1749 -3565 2472 1538 1227 -65 1488 0 0 1734 1601 0
111 LOG_DATAPACKET 283 5170 -297 4060 -2198 3753 -253 1488 0 0 1734 1601 0
111 LOG_DATAPACKET 284 5315 2001 -775 -2671 -656 -395 1488 0 0 1734 1601 0
111 LOG_DATAPACKET 285 2673 -3708 6583 -2436 -230 -421 1488 0 0 1734 1601 0
111 LOG_DATAPACKET 286 4923 943 -3866 -2130 499 -241 1488 0 0 1734 1601 0
111 LOG_DATAPACKET 287 2478 104 4490 -4565 -1229 357 1488 0 0 1734 1601 0
111 LOG_DATAPACKET 288 2614 1072 -1410 -891 410 520 1488 0 0 1734 1601 0
111 LOG_DATAPACKET 289 86 1577 6641 -3141 -1148 500 1488 0 0 1734 1601 0
111 LOG_DATAPACKET 290 3979 -287 -4211 -2030 1330 -412 1488 0 0 1734 1601 0
111 LOG_DATAPACKET 291 3112 168 5245 -1418 871 312 1488 0 0 1734 1601 0
111 LOG_DATAPACKET 292 1992 663 -4172 -364 529 -325 1488 0 0 1734 1601 0
111 LOG_DATAPACKET 293 1487 924 6435 -1442 -1868 914 1488 0 0 1734 1601 0
111 LOG_DATAPACKET 294 1420 -2164 -4586 334 -1047 -162 1488 0 0 1734 1601 0
111 LOG_DATAPACKET 295 477 746 4959 -1063 -2292 -193 1488 0 0 1734 1601 0
111 LOG_DATAPACKET 296 1811 950 -5579 149 -1696 188 1488 0 0 1734 1601 0
111 LOG_DATAPACKET 297 -1708 -2362 3314 535 -3109 -6 1488 0 0 1734 1601 0
111 LOG_DATAPACKET 298 1866 2719 -3385 -488 -312 593 1488 0 0 1734 1601 0
111 LOG_DATAPACKET 299 336 -24 -1317 108 -1111 -118 1488 0 0 1734 1599 0
111 LOG_DATAPACKET 300 2585 2388 -3134 -1138 572 -177 1488 0 0 1734 1599 0
111 LOG_DATAPACKET 301 726 -2122 2787 1911 253 -1092 1488 0 0 1734 1599 0
111 LOG_DATAPACKET 302 1972 1267 4088 -224 -49 -986 1488 0 0 1734 1599 0
111 LOG_DATAPACKET 303 -308 2027 -6564 -1567 -481 -385 1488 0 0 1734 1599 0
111 LOG_DATAPACKET 304 -3029 -3390 -739 240 -2145 367 1488 0 0 1734 1599 0
111 LOG_DATAPACKET 305 425 2111 3912 1245 -2262 963 1488 0 0 1734 1599 0
111 LOG_DATAPACKET 306 3355 3002 -1575 -1735 1000 361 1488 0 0 1734 1599 0
111 LOG_DATAPACKET 307 3514 -2812 3205 -62 494 578 1488 0 0 1734 1599 0
111 LOG_DATAPACKET 308 3961 2815 -4122 315 932 736 1488 0 0 1734 1599 0
111 LOG_DATAPACKET 309 1276 1581 -37 93 1144 396 1488 0 0 1734 1599 0
111 LOG_DATAPACKET 310 5268 1825 -6666 -2288 3987 124 1488 0 0 1734 1599 0
111 LOG_DATAPACKET 311 885 -4058 6123 2210 -894 -524 1488 0 0 1734 1601 0
111 LOG_DATAPACKET 312 4668 2603 -1573 -633 246 48 1488 0 0 1734 1601 0
111 LOG_DATAPACKET 313 -653 -1213 5483 -1260 -3563 65 1488 0 0 1734 1601 0
111 LOG_DATAPACKET 314 1434 -1116 3176 -606 -1508 799 1488 0 0 1734 1601 0
111 LOG_DATAPACKET 315 895 1784 745 3964 -3859 899 1488 0 0 1734 1601 0
111 LOG_DATAPACKET 316 1235 1461 -444 -2885 -226 32 1488 0 0 1734 1601 0
111 LOG_DATAPACKET 317 3748 -888 -2613 2730 -2905 302 1488 0 0 1734 1601 0
111 LOG_DATAPACKET 318 170 514 -1752 1817 1841 -904 1488 0 0 1734 1601 0
111 LOG_DATAPACKET 319 3292 -423 1158 -1539 1523 -186 1488 0 0 1734 1601 0
111 LOG_DATAPACKET 320 4965 131 -1684 1596 479 462 1488 0 0 1734 1601 0
111 LOG_DATAPACKET 321 363 -2638 6682 -1702 4173 13 1488 0 0 1734 1601 0
111 LOG_DATAPACKET 322 2726 -425 3589 -505 -336 307 1488 0 0 1734 1601 0
111 LOG_DATAPACKET 323 4466 -1524 2250 -3462 508 -183 1488 0 0 1734 1601 0
111 LOG_DATAPACKET 324 4624 -1021 -2584 -2707 1036 -541 1488 0 0 1734 1601 0
111 LOG_DATAPACKET 325 2528 193 5559 -3611 -1392 -206 1488 0 0 1734 1601 0
111 LOG_DATAPACKET 326 3650 490 -3897 -3223 489 537 1488 0 0 1734 1601 0
111 LOG_DATAPACKET 327 271 1368 8777 -1509 -1696 1180 1488 0 0 1734 1601 0
111 LOG_DATAPACKET 328 3629 915 -4807 -2514 2061 -29 1488 0 0 1734 1601 0
111 LOG_DATAPACKET 329 2417 -787 6472 -1838 97 389 1488 0 0 1734 1601 0
111 LOG_DATAPACKET 330 3388 228 -4565 -1380 1776 -447 1488 0 0 1734 1601 0
111 LOG_DATAPACKET 331 1494 823 6251 -2328 -883 752 1488 0 0 1734 1601 0
111 LOG_DATAPACKET 332 1420 -998 -3470 -1214 157 363 1488 0 0 1734 1601 0
111 LOG_DATAPACKET 333 -159 891 4436 -3215 -1267 796 1488 0 0 1734 1601 0
111 LOG_DATAPACKET 334 1880 -2235 -4558 876 -1842 -278 1488 0 0 1734 1601 0
111 LOG_DATAPACKET 335 -1625 1909 3970 0 -3018 189 1488 0 0 1734 1601 0
111 LOG_DATAPACKET 336 2774 540 -4710 -2383 -583 440 1488 0 0 1734 1601 0
111 LOG_DATAPACKET 337 -962 -1604 939 1314 -2064 487 1488 0 0 1734 1601 0
111 LOG_DATAPACKET 338 836 2327 838 -2930 1497 -89 1488 0 0 1734 1601 0
111 LOG_DATAPACKET 339 2768 -724 -1444 470 419 -838 1488 0 0 1734 1601 0
111 LOG_DATAPACKET 340 -115 -1148 4779 1108 233 -609 1488 0 0 1734 1601 0
111 LOG_DATAPACKET 341 699 3767 -3269 -2703 846 -186 1488 0 0 1734 1601 0
111 LOG_DATAPACKET 342 -1211 -2921 -5320 -598 -1525 -155 1488 0 0 1734 1601 0
111 LOG_DATAPACKET 343 -1462 398 4638 53 -2369 557 1488 0 0 1734 1601 0
111 LOG_DATAPACKET 344 1432 -245 1491 492 -685 505 1489 0 0 1734 1601 0
111 LOG_DATAPACKET 345 3237 1788 4026 -1219 489 918 1489 0 0 1734 1601 0
111 LOG_DATAPACKET 346 2948 1239 -3899 -511 316 940 1489 0 0 1734 1601 0
111 LOG_DATAPACKET 347 -244 800 3837 2191 390 834 1489 0 0 1734 1601 0
111 LOG_DATAPACKET 348 4954 5824 -5276 -3142 3401 954 1489 0 0 1734 1601 0
111 LOG_DATAPACKET 349 406 -4677 6723 -110 823 24 1489 0 0 1734 1601 0
111 LOG_DATAPACKET 350 6384 1228 -6201 -864 2342 267 1489 0 0 1734 1601 0
111 LOG_DATAPACKET 351 -1159 -2118 8540 768 -3458 252 1489 0 0 1734 1601 0
111 LOG_DATAPACKET 352 2955 3113 -2762 -4178 -832 802 1489 0 0 1734 1601 0
111 LOG_DATAPACKET 353 -453 -4401 6641 2647 -3494 979 1489 0 0 1734 1601 0
111 LOG_DATAPACKET 354 2733 4475 -1203 -1216 -374 503 1489 0 0 1734 1601 0
111 LOG_DATAPACKET 355 208 1177 -1689 -1126 -3059 630 1489 0 0 1734 1601 0
111 LOG_DATAPACKET 356 1423 -2849 505 1033 -337 6 1488 0 0 1735 1601 0
111 LOG_DATAPACKET 357 4553 3277 -2721 -328 2178 212 1488 0 0 1735 1601 0
111 LOG_DATAPACKET 358 232 -538 679 386 -19 -7 1488 0 0 1735 1601 0
111 LOG_DATAPACKET 359 4292 -3200 2506 -1942 3745 554 1488 0 0 1735 1601 0
111 LOG_DATAPACKET 360 6478 1225 -887 -1165 2169 492 1488 0 0 1735 1601 0
111 LOG_DATAPACKET 361 1515 -1363 4088 -2646 376 308 1488 0 0 1735 1601 0
111 LOG_DATAPACKET 362 5521 -218 -3388 -4570 1765 -82 1488 0 0 1735 1601 0
111 LOG_DATAPACKET 363 2294 -1693 6599 -2827 -852 359 1488 0 0 1735 1601 0
111 LOG_DATAPACKET 364 3546 2416 -3717 -5106 1212 124 1488 0 0 1735 1601 0
111 LOG_DATAPACKET 365 1574 -1261 7396 -3279 -822 1004 1488 0 0 1735 1601 0
111 LOG_DATAPACKET 366 3145 1626 -2882 -1424 903 653 1488 0 0 1735 1601 0
111 LOG_DATAPACKET 367 1205 292 4792 -3455 359 927 1488 0 0 1734 1601 0
111 LOG_DATAPACKET 368 3081 -191 -3222 -1279 2231 104 1488 0 0 1734 1601 0
111 LOG_DATAPACKET 369 3431 180 4726 -2369 696 616 1488 0 0 1734 1601 0
111 LOG_DATAPACKET 370 1775 -703 -1554 -1491 350 12 1488 0 0 1734 1601 0
111 LOG_DATAPACKET 371 410 1112 4505 -2723 -1642 972 1488 0 0 1734 1601 0
111 LOG_DATAPACKET 372 318 -3485 -4559 989 -609 75 1488 0 0 1734 1601 0
111 LOG_DATAPACKET 373 205 1382 5284 -273 -3317 194 1488 0 0 1734 1601 0
111 LOG_DATAPACKET 374 3226 2073 -7716 -2959 -632 666 1488 0 0 1734 1601 0
111 LOG_DATAPACKET 375 -2207 -3691 4993 1460 -2687 37 1488 0 0 1734 1601 0
111 LOG_DATAPACKET 376 1677 4521 -3857 -3061 1190 274 1488 0 0 1734 1601 0
111 LOG_DATAPACKET 377 603 -1564 80 -1533 -204 -127 1488 0 0 1734 1601 0
111 LOG_DATAPACKET 378 976 -1253 5041 1154 1103 -143 1489 0 0 1734 1601 0
111 LOG_DATAPACKET 379 3768 4912 -3662 -2582 1374 -1 1489 0 0 1734 1601 0
111 LOG_DATAPACKET 380 -1843 -4008 -739 -1747 -837 -627 1489 0 0 1734 1601 0
111 LOG_DATAPACKET 381 -2180 2252 -3090 -2018 -1046 345 1489 0 0 1734 1601 0
111 LOG_DATAPACKET 382 921 731 -729 -723 -922 1122 1489 0 0 1734 1601 0
111 LOG_DATAPACKET 383 1894 214 4665 -882 159 1560 1489 0 0 1734 1601 0
111 LOG_DATAPACKET 384 4933 1321 -3754 -3470 2508 972 1489 0 0 1734 1601 0
111 LOG_DATAPACKET 385 1255 -1451 3413 2304 254 567 1489 0 0 1734 1601 0
111 LOG_DATAPACKET 386 6372 2657 -193 -2665 3098 1025 1489 0 0 1734 1601 0
111 LOG_DATAPACKET 387 306 -3083 6798 -740 2047 611 1489 0 0 1734 1601 0
111 LOG_DATAPACKET 388 5366 1366 -8339 -1906 3898 629 1489 0 0 1734 1601 0
111 LOG_DATAPACKET 389 -382 -3565 9343 1399 -1419 128 1488 0 0 1734 1601 0
111 LOG_DATAPACKET 390 3684 3217 -2470 -4251 -598 745 1488 0 0 1734 1601 0
111 LOG_DATAPACKET 391 -122 -3763 6214 -640 -3472 31 1488 0 0 1734 1601 0
111 LOG_DATAPACKET 392 1247 1126 2015 484 -1882 863 1488 0 0 1734 1601 0
111 LOG_DATAPACKET 393 581 2920 -2328 -1201 -2659 1119 1488 0 0 1734 1601 0
111 LOG_DATAPACKET 394 403 -3033 1404 714 -1566 106 1488 0 0 1734 1601 0
111 LOG_DATAPACKET 395 5891 3031 -4575 613 2232 324 1488 0 0 1734 1601 0
111 LOG_DATAPACKET 396 -320 -802 501 -252 776 -317 1488 0 0 1734 1601 0
111 LOG_DATAPACKET 397 3749 -2183 1333 -578 1496 148 1488 0 0 1734 1601 0
111 LOG_DATAPACKET 398 5681 124 2194 -2580 4986 394 1488 0 0 1734 1601 0
111 LOG_DATAPACKET 399 -171 -3312 7403 -1964 2154 349 1488 0 0 1734 1601 0
111 LOG_DATAPACKET 400 8676 969 -6128 -3906 1632 341 1488 0 0 1734 1601 0
111 LOG_DATAPACKET 401 1372 -2352 6086 -3533 -209 -99 1488 0 0 1734 1601 0
111 LOG_DATAPACKET 402 3627 2368 -2964 -4073 1425 -132 1488 0 0 1734 1601 0
111 LOG_DATAPACKET 403 1402 -1825 5602 -3593 -1071 720 1488 0 0 1734 1601 0
111 LOG_DATAPACKET 404 3452 2818 -960 -1703 1671 988 1488 0 0 1734 1601 0
111 LOG_DATAPACKET 405 1048 -403 3085 -3254 -470 1118 1488 0 0 1734 1601 0
111 LOG_DATAPACKET 406 3651 731 -2224 -2937 3475 -80 1488 0 0 1734 1601 0
111 LOG_DATAPACKET 407 2787 -501 2671 -2691 -202 469 1488 0 0 1734 1601 0
111 LOG_DATAPACKET 408 2255 -454 -4098 -2197 1578 186 1488 0 0 1734 1601 0
111 LOG_DATAPACKET 409 1119 1185 6979 -2332 -1368 1254 1488 0 0 1734 1601 0
111 LOG_DATAPACKET 410 1455 855 -1065 -1166 677 770 1488 0 0 1734 1601 0
111 LOG_DATAPACKET 411 431 149 5064 -1578 -2412 679 1488 0 0 1734 1601 0
111 LOG_DATAPACKET 412 2362 1387 -6414 -2316 -772 820 1488 0 0 1734 1600 0
111 LOG_DATAPACKET 413 -1398 -2883 3940 -1075 -2628 226 1488 0 0 1734 1600 0
111 LOG_DATAPACKET 414 1749 2303 -2141 -2113 489 416 1488 0 0 1734 1600 0
111 LOG_DATAPACKET 415 233 791 -2047 -1520 385 589 1488 0 0 1734 1600 0
111 LOG_DATAPACKET 416 352 -2431 5010 -98 817 -137 1488 0 0 1734 1600 0
111 LOG_DATAPACKET 417 3252 4175 -2307 -1171 1479 175 1488 0 0 1734 1600 0
111 LOG_DATAPACKET 418 381 -2644 520 -1368 750 -678 1488 0 0 1734 1600 0
111 LOG_DATAPACKET 419 -1426 1766 -4352 -3481 -1119 343 1488 0 0 1734 1600 0
111 LOG_DATAPACKET 420 -1375 -1713 -1963 161 -1184 646 1488 0 0 1734 1600 0
111 LOG_DATAPACKET 421 1702 1059 4507 -975 -1266 1569 1488 0 0 1734 1600 0
111 LOG_DATAPACKET 422 3373 2068 -635 -3904 2497 1160 1488 0 0 1734 1600 0
111 LOG_DATAPACKET 423 1990 -1110 245 -28 -92 579 1489 0 0 1734 1601 0
111 LOG_DATAPACKET 424 5854 1024 2112 -1398 2559 743 1489 0 0 1734 1601 0
111 LOG_DATAPACKET 425 1030 2230 -885 460 712 865 1489 0 0 1734 1601 0
111 LOG_DATAPACKET 426 2550 -4355 3378 -2231 4515 1176 1489 0 0 1734 1601 0
111 LOG_DATAPACKET 427 3454 1692 -2995 1284 409 248 1489 0 0 1734 1601 0
111 LOG_DATAPACKET 428 864 -2142 8930 -3535 -178 214 1489 0 0 1734 1601 0
111 LOG_DATAPACKET 429 2536 661 -2905 -2375 -2632 -312 1489 0 0 1734 1601 0
111 LOG_DATAPACKET 430 1148 -1117 3520 -913 -2233 280 1489 0 0 1734 1601 0
111 LOG_DATAPACKET 431 1014 2092 -117 1593 -2637 1320 1489 0 0 1734 1601 0
111 LOG_DATAPACKET 432 461 1439 173 -2017 -1243 403 1489 0 0 1734 1601 0
111 LOG_DATAPACKET 433 4368 39 -3132 1437 -446 1075 1489 0 0 1734 1601 0
111 LOG_DATAPACKET 434 652 260 -1477 755 1624 -396 1489 0 0 1734 1601 0
111 LOG_DATAPACKET 435 2356 285 1493 -1381 853 -136 1488 0 0 1735 1601 0
111 LOG_DATAPACKET 436 5518 -558 -1332 -859 3384 603 1488 0 0 1735 1601 0
111 LOG_DATAPACKET 437 -163 -2662 6319 -993 2190 142 1488 0 0 1735 1601 0
111 LOG_DATAPACKET 438 8434 1068 -3227 -3609 2261 340 1488 0 0 1735 1601 0
111 LOG_DATAPACKET 439 1049 -2043 4229 -3459 122 -68 1488 0 0 1735 1601 0
111 LOG_DATAPACKET 440 4446 -214 -176 -3818 1960 391 1488 0 0 1735 1601 0
111 LOG_DATAPACKET 441 2293 1146 1259 -3909 -741 672 1488 0 0 1735 1601 0
111 LOG_DATAPACKET 442 2195 535 3295 -3340 1590 845 1488 0 0 1735 1601 0
111 LOG_DATAPACKET 443 1628 -171 2032 -1754 -1013 984 1488 0 0 1735 1601 0
111 LOG_DATAPACKET 444 2773 1216 -926 -3397 3206 22 1488 0 0 1735 1601 0
111 LOG_DATAPACKET 445 2677 -455 1617 -1639 206 447 1488 0 0 1735 1601 0
111 LOG_DATAPACKET 446 3253 621 -1742 -2336 3141 496 1488 0 0 1735 1600 0
111 LOG_DATAPACKET 447 1060 -1325 3427 -1358 -1388 1062 1488 0 0 1735 1600 0
111 LOG_DATAPACKET 448 1511 1896 -101 -2269 995 567 1488 0 0 1735 1600 0
111 LOG_DATAPACKET 449 -970 -4562 338 265 -2181 241 1488 0 0 1735 1600 0
111 LOG_DATAPACKET 450 1687 2781 2438 -267 -455 412 1488 0 0 1735 1600 0
111 LOG_DATAPACKET 451 1998 198 -5656 -1847 -2714 674 1488 0 0 1735 1600 0
111 LOG_DATAPACKET 452 2437 939 -3394 -2412 289 564 1488 0 0 1735 1600 0
111 LOG_DATAPACKET 453 -347 -528 -988 188 -847 696 1488 0 0 1735 1600 0
111 LOG_DATAPACKET 454 273 380 2114 -2288 798 -160 1488 0 0 1735 1600 0
111 LOG_DATAPACKET 455 2718 829 -1858 5 1615 221 1488 0 0 1735 1600 0
111 LOG_DATAPACKET 456 301 -2130 3955 273 926 -397 1488 0 0 1735 1600 0
111 LOG_DATAPACKET 457 465 3303 -2950 -4714 -65 46 1488 0 0 1734 1601 0
111 LOG_DATAPACKET 458 -1700 -2923 -5528 -598 -729 412 1488 0 0 1734 1601 0
111 LOG_DATAPACKET 459 -956 -454 4707 -90 -1631 920 1488 0 0 1734 1601 0
111 LOG_DATAPACKET 460 3489 3674 813 -2640 1277 1341 1488 0 0 1734 1601 0
111 LOG_DATAPACKET 461 2379 -369 -986 -837 152 1040 1488 0 0 1734 1601 0
111 LOG_DATAPACKET 462 4777 -1650 1246 -278 2281 1221 1488 0 0 1734 1601 0
111 LOG_DATAPACKET 463 1237 3502 926 -1051 1027 674 1488 0 0 1734 1601 0
111 LOG_DATAPACKET 464 3015 -2691 3764 -4529 4599 509 1488 0 0 1734 1601 0
111 LOG_DATAPACKET 465 3723 661 -4378 240 244 -108 1488 0 0 1734 1601 0
111 LOG_DATAPACKET 466 1290 -2687 8975 -941 1560 526 1488 0 0 1734 1601 0
111 LOG_DATAPACKET 467 3086 3831 -5514 -1505 -2704 464 1488 0 0 1734 1601 0
111 LOG_DATAPACKET 468 -1821 -6627 10284 -1700 -1858 138 1488 0 0 1734 1601 0
111 LOG_DATAPACKET 469 3070 3664 -2785 2798 -1807 1265 1488 0 0 1734 1601 0
111 LOG_DATAPACKET 470 -1006 -80 633 -1645 -1540 -118 1488 0 0 1734 1601 0
111 LOG_DATAPACKET 471 3929 -1997 -825 54 -680 542 1488 0 0 1734 1601 0
111 LOG_DATAPACKET 472 3444 2586 -4451 1501 981 16 1488 0 0 1734 1601 0
111 LOG_DATAPACKET 473 3830 1811 -761 -1202 2545 -282 1488 0 0 1734 1601 0
111 LOG_DATAPACKET 474 2332 -161 -1001 -150 571 652 1488 0 0 1734 1601 0
111 LOG_DATAPACKET 475 1718 -3602 4355 -441 3484 216 1488 0 0 1734 1601 0
111 LOG_DATAPACKET 476 7582 1482 -418 -2572 3240 571 1488 0 0 1734 1601 0
111 LOG_DATAPACKET 477 2090 -829 2957 -3122 -356 179 1488 0 0 1734 1601 0
111 LOG_DATAPACKET 478 4760 -1082 -50 -4515 2245 40 1488 0 0 1734 1601 0
111 LOG_DATAPACKET 479 3224 -97 1665 -2701 -565 -100 1488 0 0 1734 1601 0
111 LOG_DATAPACKET 480 2931 652 918 -4164 1118 678 1493 0 0 1734 1605 0
111 LOG_DATAPACKET 481 1537 855 3342 -502 -709 1313 1493 0 0 1734 1605 0
111 LOG_DATAPACKET 482 2157 1417 137 -3611 1689 1019 1493 0 0 1734 1605 0
111 LOG_DATAPACKET 483 2784 -1260 578 -1869 1004 -259 1493 0 0 1734 1605 0
111 LOG_DATAPACKET 484 3964 810 -804 -2830 1963 417 1493 0 0 1734 1605 0
111 LOG_DATAPACKET 485 846 -909 2643 -1734 -752 578 1493 0 0 1734 1605 0
111 LOG_DATAPACKET 486 1941 2430 855 -2063 817 856 1493 0 0 1734 1605 0
111 LOG_DATAPACKET 487 -724 -4386 363 -1992 -2322 671 1493 0 0 1734 1605 0
111 LOG_DATAPACKET 488 1471 2366 2551 208 98 482 1493 0 0 1734 1605 0
111 LOG_DATAPACKET 489 1174 1961 -5922 -2067 -3222 124 1493 0 0 1734 1605 0
111 LOG_DATAPACKET 490 -471 -3686 5528 -1792 -218 280 1493 0 0 1734 1605 0
111 LOG_DATAPACKET 491 2455 4265 -6888 770 -267 682 1488 0 0 1734 1600 0
111 LOG_DATAPACKET 492 -1856 -2488 3711 -2465 458 -320 1488 0 0 1734 1600 0
111 LOG_DATAPACKET 493 2955 -1100 2021 730 1493 103 1488 0 0 1734 1600 0
111 LOG_DATAPACKET 494 1135 2399 -1182 531 1018 -525 1488 0 0 1734 1600 0
111 LOG_DATAPACKET 495 2896 3090 -1462 -2917 743 -582 1488 0 0 1734 1600 0
111 LOG_DATAPACKET 496 -1533 -2471 -4856 -627 -655 -437 1488 0 0 1734 1600 0
111 LOG_DATAPACKET 497 -2236 -124 1194 -1109 -2161 473 1488 0 0 1734 1600 0
111 LOG_DATAPACKET 498 1657 1625 468 439 -775 1036 1488 0 0 1734 1600 0
111 LOG_DATAPACKET 499 2014 900 1452 -1025 372 712 1488 0 0 1734 1600 0
111 LOG_DATAPACKET 500 3459 -3488 3561 2216 966 661 1488 0 0 1734 1600 0
111 LOG_DATAPACKET 501 787 43 1070 2140 -436 515 1488 0 0 1734 1600 0
111 LOG_DATAPACKET 502 5306 587 1562 -3397 4552 203 1489 0 0 1734 1601 0
111 LOG_DATAPACKET 503 2227 302 -1869 -855 1265 -315 1489 0 0 1734 1601 0
111 LOG_DATAPACKET 504 2164 -4185 7069 1233 1220 -452 1489 0 0 1734 1601 0
111 LOG_DATAPACKET 505 3294 2802 -2558 -230 -1310 117 1489 0 0 1734 1601 0
111 LOG_DATAPACKET 506 -112 -2234 6260 -2129 -2725 -238 1489 0 0 1734 1601 0
111 LOG_DATAPACKET 507 2201 -403 -405 1313 -2251 615 1489 0 0 1734 1601 0
111 LOG_DATAPACKET 508 -392 446 2211 969 -2255 -139 1489 0 0 1734 1601 0
111 LOG_DATAPACKET 509 3619 2308 -2504 -2361 -339 -367 1489 0 0 1734 1601 0
111 LOG_DATAPACKET 510 1652 -1281 -919 3821 -2099 -102 1489 0 0 1734 1601 0
111 LOG_DATAPACKET 511 898 994 3 717 3254 -834 1489 0 0 1734 1601 0
111 LOG_DATAPACKET 512 4346 430 -1757 -560 610 -13 1489 0 0 1734 1601 0
111 LOG_DATAPACKET 513 3157 -2522 1014 2079 1502 87 1488 0 0 1735 1601 0
111 LOG_DATAPACKET 514 2937 -1203 5638 -2635 4783 232 1488 0 0 1735 1601 0
111 LOG_DATAPACKET 515 7521 1970 -4551 -2554 -248 39 1488 0 0 1735 1601 0
111 LOG_DATAPACKET 516 1772 -3219 7738 -3768 371 -279 1488 0 0 1735 1601 0
111 LOG_DATAPACKET 517 3883 -1746 2741 -1765 -246 -450 1488 0 0 1735 1601 0
111 LOG_DATAPACKET 518 2908 2118 510 -4313 -174 237 1488 0 0 1735 1601 0
111 LOG_DATAPACKET 519 880 -1255 2592 -399 -406 497 1488 0 0 1735 1601 0
111 LOG_DATAPACKET 520 2142 3561 2869 -1938 298 970 1488 0 0 1735 1601 0
111 LOG_DATAPACKET 521 2578 -1284 -204 -2167 1367 36 1488 0 0 1735 1601 0
111 LOG_DATAPACKET 522 2954 217 1559 -2134 1845 -30 1488 0 0 1735 1601 0
111 LOG_DATAPACKET 523 2789 -1070 -82 -869 695 32 1488 0 0 1735 1601 0
111 LOG_DATAPACKET 524 1966 970 1945 -1888 304 599 1488 0 0 1735 1601 0
111 LOG_DATAPACKET 525 576 -3398 223 209 -849 394 1488 0 0 1735 1600 0
111 LOG_DATAPACKET 526 1291 2615 1348 -2010 -1216 409 1488 0 0 1735 1600 0
111 LOG_DATAPACKET 527 387 -2585 -2330 102 -2558 -19 1488 0 0 1735 1600 0
111 LOG_DATAPACKET 528 273 277 2924 -517 -2581 -171 1488 0 0 1735 1600 0
111 LOG_DATAPACKET 529 1482 874 -5104 164 -1161 -40 1488 0 0 1735 1600 0
111 LOG_DATAPACKET 530 -1309 -1731 2982 711 -478 213 1488 0 0 1735 1600 0
111 LOG_DATAPACKET 531 2049 1126 -1150 -1169 1465 0 1488 0 0 1735 1600 0
111 LOG_DATAPACKET 532 1134 -1326 582 1925 742 -702 1488 0 0 1735 1600 0
111 LOG_DATAPACKET 533 862 -695 4306 -633 176 -854 1488 0 0 1735 1600 0
111 LOG_DATAPACKET 534 -246 1941 -6283 -1080 301 -562 1488 0 0 1735 1600 0
111 LOG_DATAPACKET 535 -2012 -4179 -1532 -134 -1937 569 1488 0 0 1735 1600 0
111 LOG_DATAPACKET 536 116 1735 4889 604 -1953 895 1488 0 0 1734 1601 0
111 LOG_DATAPACKET 537 2884 1831 -1804 -639 920 288 1488 0 0 1734 1601 0
111 LOG_DATAPACKET 538 3489 546 1274 -1124 794 594 1488 0 0 1734 1601 0
111 LOG_DATAPACKET 539 2147 1336 -3006 420 -313 288 1488 0 0 1734 1601 0
111 LOG_DATAPACKET 540 4801 -974 4371 209 3209 436 1488 0 0 1734 1601 0
111 LOG_DATAPACKET 541 3102 2938 -3418 -1498 2775 -412 1488 0 0 1734 1601 0
111 LOG_DATAPACKET 542 1912 -4927 6760 1829 903 -344 1488 0 0 1734 1601 0
111 LOG_DATAPACKET 543 4486 2077 -4738 1140 768 -505 1488 0 0 1734 1601 0
111 LOG_DATAPACKET 544 -633 -2051 7711 -612 -2986 -433 1488 0 0 1734 1601 0
111 LOG_DATAPACKET 545 2787 587 -1564 -518 -1858 433 1488 0 0 1734 1601 0
111 LOG_DATAPACKET 546 -124 -2289 5253 4193 -3728 186 1488 0 0 1734 1601 0
111 LOG_DATAPACKET 547 3235 5321 -3087 -2452 -123 -467 1488 0 0 1734 1601 0
111 LOG_DATAPACKET 548 -50 -2258 -629 2734 -2989 -67 1488 0 0 1734 1601 0
111 LOG_DATAPACKET 549 2598 -284 -1384 2989 2164 -1297 1488 0 0 1734 1601 0
111 LOG_DATAPACKET 550 3158 2271 -1280 -266 1654 -679 1488 0 0 1734 1601 0
111 LOG_DATAPACKET 551 7549 -180 -1355 1506 2568 162 1488 0 0 1734 1601 0
111 LOG_DATAPACKET 552 3151 -510 4573 -991 4989 -85 1488 0 0 1734 1601 0
111 LOG_DATAPACKET 553 7147 1657 -953 -1271 630 -262 1488 0 0 1734 1601 0
111 LOG_DATAPACKET 554 1914 -3367 5728 -2543 176 -448 1488 0 0 1734 1601 0
111 LOG_DATAPACKET 555 5238 674 -4041 -2792 1653 -594 1488 0 0 1734 1601 0
111 LOG_DATAPACKET 556 2191 3 4979 -1933 -1439 254 1488 0 0 1734 1601 0
111 LOG_DATAPACKET 557 3566 272 -1435 -2043 855 359 1488 0 0 1734 1601 0
111 LOG_DATAPACKET 558 45 1069 6773 -88 -1681 1118 1488 0 0 1734 1601 0
111 LOG_DATAPACKET 559 3290 1776 -4043 -2183 2310 -333 1488 0 0 1734 1601 0
111 LOG_DATAPACKET 560 2316 -595 4249 -2058 802 97 1488 0 0 1734 1601 0
111 LOG_DATAPACKET 561 3344 -401 -3453 -26 1573 -645 1488 0 0 1734 1601 0
111 LOG_DATAPACKET 562 2456 810 3641 -1276 244 750 1488 0 0 1734 1601 0
111 LOG_DATAPACKET 563 2237 1004 -4171 118 772 144 1488 0 0 1734 1601 0
111 LOG_DATAPACKET 564 621 2341 2716 -3103 -1842 359 1488 0 0 1734 1601 0
111 LOG_DATAPACKET 565 1416 -4646 -3615 1893 -1196 -375 1488 0 0 1734 1601 0
111 LOG_DATAPACKET 566 -820 2680 4037 -1454 -3802 -705 1488 0 0 1734 1601 0
111 LOG_DATAPACKET 567 2561 -694 -5772 -1106 -297 153 1488 0 0 1734 1601 0
111 LOG_DATAPACKET 568 -2113 -2528 3356 2631 -1532 369 1488 0 0 1734 1601 0
111 LOG_DATAPACKET 569 1858 3453 -2659 -2460 1795 -43 1488 0 0 1734 1601 0
111 LOG_DATAPACKET 570 1782 -2128 373 1673 963 -526 1488 0 0 1734 1600 0
111 LOG_DATAPACKET 571 865 -104 5177 1664 262 -1406 1488 0 0 1734 1600 0
111 LOG_DATAPACKET 572 1421 3443 -3946 -933 767 -1069 1488 0 0 1734 1600 0
111 LOG_DATAPACKET 573 -1738 -3721 -3868 17 -1821 -112 1488 0 0 1734 1600 0
111 LOG_DATAPACKET 574 -2152 197 3942 952 -1992 332 1488 0 0 1734 1600 0
111 LOG_DATAPACKET 575 2692 2337 -2146 833 -575 -38 1488 0 0 1734 1600 0
111 LOG_DATAPACKET 576 1828 -2005 4480 794 -701 151 1488 0 0 1734 1600 0
111 LOG_DATAPACKET 577 5565 1439 -4878 -25 704 40 1488 0 0 1734 1600 0
111 LOG_DATAPACKET 578 -224 -914 3319 3214 687 -37 1488 0 0 1734 1600 0
111 LOG_DATAPACKET 579 5070 -121 -928 -1405 3814 -149 1488 0 0 1734 1600 0
111 LOG_DATAPACKET 580 1505 -953 1157 1905 54 -1146 1488 0 0 1734 1600 0
111 LOG_DATAPACKET 581 3452 -2677 5344 922 1939 -856 1489 0 0 1734 1601 0
111 LOG_DATAPACKET 582 -459 -2834 8130 2753 -2996 -1056 1489 0 0 1734 1601 0
111 LOG_DATAPACKET 583 3499 4020 -3917 -2740 -1280 -173 1489 0 0 1734 1601 0
111 LOG_DATAPACKET 584 -581 -4742 6532 3963 -3548 -153 1489 0 0 1734 1601 0
111 LOG_DATAPACKET 585 2241 5378 -610 219 -910 -529 1489 0 0 1734 1601 0
111 LOG_DATAPACKET 586 1090 1515 -1352 -74 -2685 -241 1489 0 0 1734 1601 0
111 LOG_DATAPACKET 587 1182 -3142 884 5121 -1216 -1105 1489 0 0 1734 1601 0
111 LOG_DATAPACKET 588 5209 3373 -2987 972 3003 -1150 1489 0 0 1734 1601 0
111 LOG_DATAPACKET 589 20 -1204 -82 2515 -798 83 1489 0 0 1734 1601 0
111 LOG_DATAPACKET 590 3427 -3538 3290 1031 3332 -596 1489 0 0 1734 1601 0
111 LOG_DATAPACKET 591 6667 2247 360 -1725 2730 -437 1489 0 0 1734 1601 0
111 LOG_DATAPACKET 592 1839 -1918 4278 -1678 -340 -663 1489 0 0 1734 1600 0
111 LOG_DATAPACKET 593 4706 -663 -2002 -2910 1445 -472 1489 0 0 1734 1600 0
111 LOG_DATAPACKET 594 3274 -1435 4178 -931 -1504 -448 1489 0 0 1734 1600 0
111 LOG_DATAPACKET 595 3140 1909 -1387 -3150 1049 61 1489 0 0 1734 1600 0
111 LOG_DATAPACKET 596 703 -529 5250 91 -1862 627 1489 0 0 1734 1600 0
111 LOG_DATAPACKET 597 2893 3321 -1066 -1447 1263 191 1489 0 0 1734 1600 0
111 LOG_DATAPACKET 598 1911 -2068 2409 -1731 -374 89 1489 0 0 1734 1600 0
111 LOG_DATAPACKET 599 3908 311 -1602 -125 2880 -375 1489 0 0 1734 1600 0
111 LOG_DATAPACKET 600 1454 -888 2954 -16 -1163 35 1489 0 0 1734 1600 0
111 LOG_DATAPACKET 601 2265 1082 -520 -44 1055 126 1489 0 0 1734 1600 0
111 LOG_DATAPACKET 602 -634 -4672 1332 246 -2116 53 1489 0 0 1734 1600 0
111 LOG_DATAPACKET 603 1497 -2623 -4713 1026 -206 -309 1488 0 0 1735 1601 0
111 LOG_DATAPACKET 604 -996 420 4965 -1286 -4040 -380 1488 0 0 1735 1601 0
111 LOG_DATAPACKET 605 2711 544 -5412 -1174 -890 -42 1488 0 0 1735 1601 0
111 LOG_DATAPACKET 606 -1312 -2613 1721 2144 -1931 133 1488 0 0 1735 1601 0
111 LOG_DATAPACKET 607 1016 2557 -723 -1252 662 -146 1488 0 0 1735 1601 0
111 LOG_DATAPACKET 608 2679 194 1022 113 1205 -406 1488 0 0 1735 1601 0
111 LOG_DATAPACKET 609 595 -2806 6360 2410 296 -1423 1488 0 0 1735 1601 0
111 LOG_DATAPACKET 610 3163 4097 -1454 -1063 134 -1140 1488 0 0 1735 1601 0
111 LOG_DATAPACKET 611 -970 -3256 -4153 1414 -691 -567 1488 0 0 1735 1601 0
111 LOG_DATAPACKET 612 -2758 -110 519 799 -2202 452 1488 0 0 1735 1601 0
111 LOG_DATAPACKET 613 1506 864 -873 1087 -868 358 1488 0 0 1735 1601 0
111 LOG_DATAPACKET 614 2399 -836 3847 1683 -259 -68 1488 0 0 1735 1601 0
111 LOG_DATAPACKET 615 4185 492 -1342 -1035 1550 -148 1489 0 0 1734 1601 0
111 LOG_DATAPACKET 616 1296 -780 800 3670 -858 -324 1489 0 0 1734 1601 0
111 LOG_DATAPACKET 617 4594 106 999 -1115 4221 -51 1489 0 0 1734 1601 0
111 LOG_DATAPACKET 618 2803 797 -1818 1511 271 -1050 1489 0 0 1734 1601 0
111 LOG_DATAPACKET 619 1994 -3627 7979 1827 2627 -911 1489 0 0 1734 1601 0
111 LOG_DATAPACKET 620 3628 1867 -2440 4216 -2141 -1286 1489 0 0 1734 1601 0
111 LOG_DATAPACKET 621 93 -1045 5489 -315 -2425 -716 1489 0 0 1734 1601 0
111 LOG_DATAPACKET 622 2073 -1037 -200 3043 -2816 163 1489 0 0 1734 1601 0
111 LOG_DATAPACKET 623 -200 322 1763 3449 -2593 -884 1489 0 0 1734 1601 0
111 LOG_DATAPACKET 624 3206 1999 -2428 -2140 -1016 -671 1489 0 0 1734 1601 0
111 LOG_DATAPACKET 625 -715 -5550 3586 3778 -2720 -1410 1489 0 0 1734 1601 0
111 LOG_DATAPACKET 626 5914 2177 -3794 3542 2453 -1282 1489 0 0 1734 1601 0
111 LOG_DATAPACKET 627 146 1256 -1356 724 251 -743 1489 0 0 1734 1601 0
111 LOG_DATAPACKET 628 1723 -4765 2210 2774 982 -319 1489 0 0 1734 1601 0
111 LOG_DATAPACKET 629 7950 3794 -1326 -2048 5055 -278 1489 0 0 1734 1601 0
111 LOG_DATAPACKET 630 1234 -1995 6331 -1067 -1063 -621 1489 0 0 1734 1601 0
111 LOG_DATAPACKET 631 6141 -1556 -872 -3213 1726 -706 1489 0 0 1734 1601 0
111 LOG_DATAPACKET 632 3674 -1626 1141 -301 410 -768 1489 0 0 1734 1601 0
111 LOG_DATAPACKET 633 2976 2356 1405 -3149 241 89 1489 0 0 1734 1601 0
111 LOG_DATAPACKET 634 1704 -804 745 -928 -85 218 1489 0 0 1734 1601 0
111 LOG_DATAPACKET 635 1724 2616 4170 -1497 -44 365 1489 0 0 1734 1601 0
111 LOG_DATAPACKET 636 2928 -438 -1403 -1887 1279 -571 1489 0 0 1734 1601 0
111 LOG_DATAPACKET 637 2767 -869 2576 -1137 2288 -205 1489 0 0 1734 1601 0
111 LOG_DATAPACKET 638 2330 -478 -1247 572 -100 421 1489 0 0 1734 1601 0
111 LOG_DATAPACKET 639 1930 941 2884 -890 1120 404 1489 0 0 1734 1601 0
111 LOG_DATAPACKET 640 903 -3106 -1677 42 -1698 252 1489 0 0 1734 1601 0
111 LOG_DATAPACKET 641 1305 2014 2311 -1368 -741 -144 1489 0 0 1734 1601 0
111 LOG_DATAPACKET 642 323 -1280 -3250 116 -3136 -340 1489 0 0 1734 1601 0
111 LOG_DATAPACKET 643 -542 -1402 4663 -97 -2161 -72 1489 0 0 1734 1601 0
111 LOG_DATAPACKET 644 1718 2049 -5908 1039 -625 183 1489 0 0 1734 1601 0
111 LOG_DATAPACKET 645 -983 -1902 1463 328 -556 -48 1489 0 0 1734 1601 0
111 LOG_DATAPACKET 646 2127 577 679 -266 1716 -454 1489 0 0 1734 1601 0
111 LOG_DATAPACKET 647 63 -2552 5437 1573 381 -1256 1489 0 0 1734 1601 0
111 LOG_DATAPACKET 648 3754 2661 1978 851 287 -1341 1489 0 0 1734 1601 0
111 LOG_DATAPACKET 649 179 -764 -5006 700 300 -1004 1488 0 0 1734 1601 0
111 LOG_DATAPACKET 650 -2112 -2198 351 652 -1722 337 1488 0 0 1734 1601 0
111 LOG_DATAPACKET 651 -266 1585 -1548 1659 -1715 144 1488 0 0 1734 1601 0
111 LOG_DATAPACKET 652 2095 -852 1739 1169 -102 -150 1488 0 0 1734 1601 0
111 LOG_DATAPACKET 653 2204 -2155 2537 1308 350 -326 1488 0 0 1734 1601 0
111 LOG_DATAPACKET 654 2523 591 -2215 2456 -97 -482 1488 0 0 1734 1601 0
111 LOG_DATAPACKET 655 4315 -981 3892 2012 2751 -152 1488 0 0 1734 1601 0
111 LOG_DATAPACKET 656 3600 2675 -4781 -104 2746 -1059 1488 0 0 1734 1601 0
111 LOG_DATAPACKET 657 1528 -5014 7519 3678 905 -1449 1488 0 0 1734 1601 0
111 LOG_DATAPACKET 658 4520 2322 -3620 1945 689 -1419 1488 0 0 1734 1601 0
111 LOG_DATAPACKET 659 -1131 -2168 6957 964 -3384 -1176 1488 0 0 1734 1601 0
111 LOG_DATAPACKET 660 2979 659 -1921 215 -1880 -418 1489 0 0 1734 1600 0
111 LOG_DATAPACKET 661 -526 -1946 4979 4721 -3888 -631 1489 0 0 1734 1600 0
111 LOG_DATAPACKET 662 3214 4959 -2980 -805 54 -538 1489 0 0 1734 1600 0
111 LOG_DATAPACKET 663 479 -2765 66 2572 -3543 -1198 1489 0 0 1734 1600 0
111 LOG_DATAPACKET 664 1861 -809 -991 4655 1625 -1775 1489 0 0 1734 1600 0
111 LOG_DATAPACKET 665 3732 2491 -1722 397 1760 -1120 1489 0 0 1734 1600 0
111 LOG_DATAPACKET 666 2370 -2636 -695 3156 -262 -494 1489 0 0 1734 1600 0
111 LOG_DATAPACKET 667 2553 -853 4279 -1292 5505 -646 1489 0 0 1734 1600 0
111 LOG_DATAPACKET 668 212 -1878 6185 -500 640 -805 1489 0 0 1734 1600 0
111 LOG_DATAPACKET 669 6301 -766 555 -2420 1680 -802 1489 0 0 1734 1600 0
111 LOG_DATAPACKET 670 4245 -836 -1521 -1974 842 -1089 1489 0 0 1734 1600 0
111 LOG_DATAPACKET 671 2907 -1277 5766 -1568 -61 -133 1489 0 0 1734 1601 0
111 LOG_DATAPACKET 672 2873 2127 -4255 -2416 621 -40 1489 0 0 1734 1601 0
111 LOG_DATAPACKET 673 871 474 7435 -1211 -623 581 1489 0 0 1734 1601 0
111 LOG_DATAPACKET 674 3360 536 -2485 -669 1194 -627 1489 0 0 1734 1601 0
111 LOG_DATAPACKET 675 1778 -354 4568 -1450 906 109 1489 0 0 1734 1601 0
111 LOG_DATAPACKET 676 3317 -959 -3258 1196 1833 -505 1489 0 0 1734 1601 0
111 LOG_DATAPACKET 677 2336 883 3855 -550 176 405 1489 0 0 1734 1601 0
111 LOG_DATAPACKET 678 1581 -2911 -1708 588 -51 -133 1489 0 0 1734 1601 0
111 LOG_DATAPACKET 679 346 1641 3055 -2748 -1866 130 1489 0 0 1734 1601 0
111 LOG_DATAPACKET 680 1325 -4041 -3421 1153 -2069 -488 1489 0 0 1734 1601 0
111 LOG_DATAPACKET 681 -792 1806 5020 -198 -2728 -470 1489 0 0 1734 1601 0
111 LOG_DATAPACKET 682 2151 -201 -5442 -431 -1132 -87 1488 0 0 1735 1601 0
111 LOG_DATAPACKET 683 -1562 -2131 2013 2385 -1502 -35 1488 0 0 1735 1601 0
111 LOG_DATAPACKET 684 1682 2313 -1569 -1588 1797 -96 1488 0 0 1735 1601 0
111 LOG_DATAPACKET 685 1872 -1582 39 1412 770 -1269 1488 0 0 1735 1601 0
111 LOG_DATAPACKET 686 197 -1249 6286 2522 115 -1597 1488 0 0 1735 1601 0
111 LOG_DATAPACKET 687 731 3260 -4463 206 1115 -1166 1488 0 0 1735 1601 0
111 LOG_DATAPACKET 688 -1646 -3637 -4068 1567 -1079 -79 1488 0 0 1735 1601 0
111 LOG_DATAPACKET 689 -1799 444 4467 1975 -1945 311 1488 0 0 1735 1601 0
111 LOG_DATAPACKET 690 809 -1451 1618 1872 -717 -327 1488 0 0 1735 1601 0
111 LOG_DATAPACKET 691 3676 800 3826 278 380 -434 1488 0 0 1735 1601 0
111 LOG_DATAPACKET 692 2487 718 -3565 2203 206 -510 1488 0 0 1735 1601 0
111 LOG_DATAPACKET 693 3490 -2081 4180 3164 1845 -410 1488 0 0 1735 1601 0
111 LOG_DATAPACKET 694 3822 4508 -4948 265 3218 -575 1489 0 0 1735 1601 0
111 LOG_DATAPACKET 695 1145 -4587 7319 2774 879 -1324 1489 0 0 1735 1601 0
111 LOG_DATAPACKET 696 5591 787 -5154 1865 2170 -1705 1489 0 0 1735 1601 0
111 LOG_DATAPACKET 697 -302 -3502 8770 4024 -3182 -1445 1489 0 0 1735 1601 0
111 LOG_DATAPACKET 698 3345 4162 -4819 -1679 -1135 -418 1489 0 0 1735 1601 0
111 LOG_DATAPACKET 699 -1408 -5350 7632 4666 -3859 -493 1489 0 0 1735 1601 0
111 LOG_DATAPACKET 700 3269 4371 -1800 1311 -16 -1157 1489 0 0 1735 1601 0
111 LOG_DATAPACKET 701 -361 1483 -1008 727 -2921 -545 1489 0 0 1735 1601 0
111 LOG_DATAPACKET 702 1901 -3477 694 3983 -693 -1455 1489 0 0 1735 1601 0
111 LOG_DATAPACKET 703 5447 3463 -3955 2866 2191 -1115 1489 0 0 1735 1601 0
111 LOG_DATAPACKET 704 -554 -1868 394 2570 -387 -402 1489 0 0 1735 1601 0
111 LOG_DATAPACKET 705 4256 -2544 2072 242 4064 -839 1489 0 0 1734 1601 0
111 LOG_DATAPACKET 706 6248 1727 320 -706 2598 -785 1489 0 0 1734 1601 0
111 LOG_DATAPACKET 707 1641 -2112 4765 -1079 700 -822 1489 0 0 1734 1601 0
111 LOG_DATAPACKET 708 5222 -124 -4539 -3303 2458 -980 1489 0 0 1734 1601 0
111 LOG_DATAPACKET 709 2757 -2455 6258 -151 -2 155 1489 0 0 1734 1601 0
111 LOG_DATAPACKET 710 3293 3385 -3039 -3111 1534 -182 1489 0 0 1734 1601 0
111 LOG_DATAPACKET 711 -107 -1531 7510 -985 -1306 565 1489 0 0 1734 1601 0
111 LOG_DATAPACKET 712 3330 3214 -3145 -1420 1787 -335 1489 0 0 1734 1601 0
111 LOG_DATAPACKET 713 704 43 5157 -2594 414 101 1489 0 0 1734 1601 0
111 LOG_DATAPACKET 714 2979 -644 -3871 109 2425 -587 1489 0 0 1734 1601 0
111 LOG_DATAPACKET 715 2744 -81 4381 -525 499 359 1489 0 0 1734 1601 0
111 LOG_DATAPACKET 716 1754 -1536 -2575 859 941 -37 1483 0 0 1740 1601 0
111 LOG_DATAPACKET 717 572 2172 4064 -2688 -1326 233 1483 0 0 1740 1601 0
111 LOG_DATAPACKET 718 1298 -4590 -4236 1216 -256 -563 1483 0 0 1740 1601 0
111 LOG_DATAPACKET 719 -852 828 5694 -757 -3583 -1059 1483 0 0 1740 1601 0
111 LOG_DATAPACKET 720 2982 731 -6822 -983 -585 50 1483 0 0 1740 1601 0
111 LOG_DATAPACKET 721 -2020 -3017 3850 2827 -1949 -238 1483 0 0 1740 1601 0
111 LOG_DATAPACKET 722 1692 3566 -2548 -1263 1673 -383 1483 0 0 1740 1601 0
111 LOG_DATAPACKET 723 1583 -935 -1484 369 991 -716 1483 0 0 1740 1601 0
111 LOG_DATAPACKET 724 553 -2874 6628 2389 1242 -1370 1483 0 0 1740 1601 0
111 LOG_DATAPACKET 725 3108 5207 -3423 679 1132 -1285 1483 0 0 1740 1601 0
111 LOG_DATAPACKET 726 -1886 -4079 -1851 631 -780 -1038 1483 0 0 1740 1601 0
111 LOG_DATAPACKET 727 -1307 1194 -634 955 -924 -33 1489 0 0 1734 1601 0
111 LOG_DATAPACKET 728 1288 249 -1604 798 -1348 -192 1489 0 0 1734 1601 0
111 LOG_DATAPACKET 729 2359 -924 4103 2021 -762 -436 1489 0 0 1734 1601 0
111 LOG_DATAPACKET 730 3824 987 -2393 -554 1325 -165 1489 0 0 1734 1601 0
111 LOG_DATAPACKET 731 1174 -1628 2325 3555 182 -445 1489 0 0 1734 1601 0
111 LOG_DATAPACKET 732 5937 1591 -1118 -1264 3771 -55 1489 0 0 1734 1601 0
111 LOG_DATAPACKET 733 1087 -452 477 965 475 -1341 1489 0 0 1734 1601 0
111 LOG_DATAPACKET 734 2902 -3570 5695 1019 3222 -1296 1489 0 0 1734 1601 0
111 LOG_DATAPACKET 735 -712 -3087 8134 4056 -2089 -1696 1489 0 0 1734 1601 0
111 LOG_DATAPACKET 736 2971 2795 -1534 -602 -645 -517 1489 0 0 1734 1601 0
111 LOG_DATAPACKET 737 -21 -2266 4543 2158 -3423 -471 1489 0 0 1734 1601 0
111 LOG_DATAPACKET 738 1823 1656 2284 1993 -1168 -931 1489 0 0 1734 1601 0
111 LOG_DATAPACKET 739 1041 3750 -2266 -732 -2139 -544 1488 0 0 1734 1600 0
111 LOG_DATAPACKET 740 -353 -4546 2947 3147 -2001 -1717 1488 0 0 1734 1600 0
111 LOG_DATAPACKET 741 5737 2475 -3924 3257 2328 -1297 1488 0 0 1734 1600 0
111 LOG_DATAPACKET 742 -178 556 -804 1246 21 -817 1488 0 0 1734 1600 0
111 LOG_DATAPACKET 743 2484 -4014 1953 1995 1607 -630 1488 0 0 1734 1600 0
111 LOG_DATAPACKET 744 7935 3758 -2261 -1863 5156 -510 1488 0 0 1734 1600 0
111 LOG_DATAPACKET 745 74 -3589 6919 -1095 1046 -1064 1488 0 0 1734 1600 0
111 LOG_DATAPACKET 746 7306 -760 -4077 -3105 2413 -954 1488 0 0 1734 1600 0
111 LOG_DATAPACKET 747 2602 -1830 3600 -1148 -631 -934 1488 0 0 1734 1600 0
111 LOG_DATAPACKET 748 3103 2480 764 -2328 1465 -72 1488 0 0 1734 1600 0
111 LOG_DATAPACKET 749 1507 -1134 2040 -2052 -755 128 1488 0 0 1734 1600 0
111 LOG_DATAPACKET 750 2175 3092 2341 -436 1388 -155 1489 0 0 1734 1601 0
111 LOG_DATAPACKET 751 2200 271 -892 -2173 -89 -254 1489 0 0 1734 1601 0
111 LOG_DATAPACKET 752 2968 -924 2002 -1187 3145 -297 1489 0 0 1734 1601 0
111 LOG_DATAPACKET 753 2457 -51 -947 383 294 -94 1489 0 0 1734 1601 0
111 LOG_DATAPACKET 754 1756 237 2217 -689 1946 -11 1489 0 0 1734 1601 0
111 LOG_DATAPACKET 755 693 -3453 -80 709 -507 -200 1489 0 0 1734 1601 0
111 LOG_DATAPACKET 756 1669 -1191 -4578 125 693 -656 1489 0 0 1734 1601 0
111 LOG_DATAPACKET 757 -287 -1802 4094 -1078 -3011 -617 1489 0 0 1734 1601 0
111 LOG_DATAPACKET 758 1861 1412 -2946 -686 -1314 -244 1489 0 0 1734 1601 0
111 LOG_DATAPACKET 759 -731 -2053 160 1133 -1659 -405 1489 0 0 1734 1601 0
111 LOG_DATAPACKET 760 285 1521 760 -346 -107 -205 1489 0 0 1734 1601 0
111 LOG_DATAPACKET 761 1886 1209 -4361 -541 1574 -21 1489 0 0 1734 1601 0
111 LOG_DATAPACKET 762 165 -2991 4912 1766 726 -1646 1489 0 0 1734 1601 0
111 LOG_DATAPACKET 763 3634 3894 669 -107 744 -1423 1489 0 0 1734 1601 0
111 LOG_DATAPACKET 764 97 -1161 -3570 56 861 -1173 1489 0 0 1734 1601 0
