111 LOG_DATAPACKET 1810 -181 -346 2067 26 -52 2 1100 1635 1469 2500 2500 0.000000
111 LOG_DATAPACKET 2 2078 92 46 -22 17 -45 1100 1636 1469 0 2500 0.000000
111 LOG_DATAPACKET 3 2064 100 43 -28 13 -43 1100 1636 1469 2500 2500 0.000000
111 LOG_DATAPACKET 4 2073 98 33 -35 10 -42 1100 1636 1469 2500 2500 0.000000
111 LOG_DATAPACKET 5 2074 103 36 -43 8 -42 1100 1636 1469 2500 2500 0.000000
111 LOG_DATAPACKET 6 2068 111 28 -43 9 -42 1100 1636 1469 2500 2500 0.000000
111 LOG_DATAPACKET 7 2060 113 25 -43 13 -43 1100 1635 1469 2500 2500 0.000000
111 LOG_DATAPACKET 8 2072 117 17 -46 19 -41 1100 1635 1469 2500 2500 0.000000
111 LOG_DATAPACKET 9 2062 117 47 -47 27 -35 1100 1635 1469 2500 2500 0.000000
111 LOG_DATAPACKET 10 2059 132 41 -39 26 -34 1100 1635 1469 2500 2500 0.000000
111 LOG_DATAPACKET 11 2055 117 36 -32 29 -32 1100 1635 1469 2500 2500 0.000000
111 LOG_DATAPACKET 12 2071 124 35 -26 32 -30 1100 1635 1469 2500 2500 0.000000
111 LOG_DATAPACKET 13 2079 134 32 -21 27 -25 1100 1635 1469 2500 2500 0.000000
111 LOG_DATAPACKET 14 2063 117 65 -18 25 -19 1100 1635 1469 2500 2500 0.000000
111 LOG_DATAPACKET 15 2064 122 41 -16 22 -15 1100 1635 1469 2500 2500 0.000000
111 LOG_DATAPACKET 16 2066 125 42 -9 25 -5 1100 1635 1469 2500 2500 0.000000
111 LOG_DATAPACKET 17 2061 123 45 -5 27 -3 1100 1635 1469 2500 2500 0.000000
111 LOG_DATAPACKET 18 2055 112 32 -2 28 -3 1100 1635 1469 2500 2500 0.000000
111 LOG_DATAPACKET 19 2051 124 36 6 30 -4 1100 1635 1469 2500 2500 0.000000
111 LOG_DATAPACKET 20 2050 98 51 13 37 -3 1100 1635 1469 2500 2500 0.000000
111 LOG_DATAPACKET 21 2049 109 65 19 35 3 1100 1635 1469 2500 2500 0.000000
111 LOG_DATAPACKET 22 2041 107 58 19 40 5 1100 1635 1469 2500 2500 0.000000
111 LOG_DATAPACKET 23 2036 102 56 25 37 8 1100 1635 1469 2500 2500 0.000000
111 LOG_DATAPACKET 24 2040 103 62 25 35 12 1100 1635 1469 2500 2500 0.000000
111 LOG_DATAPACKET 25 2031 98 71 29 32 10 1100 1635 1469 2500 2500 0.000000
111 LOG_DATAPACKET 26 2034 86 72 28 32 10 1100 1635 1469 2500 2500 0.000000
111 LOG_DATAPACKET 27 2038 88 89 30 32 12 1100 1635 1469 2500 2500 0.000000
111 LOG_DATAPACKET 28 2042 83 51 35 33 6 1100 1635 1469 2500 2500 0.000000
111 LOG_DATAPACKET 29 2052 77 78 36 32 6 1100 1635 1469 2500 2500 0.000000
111 LOG_DATAPACKET 30 2039 58 83 41 31 10 1100 1635 1469 2500 2500 0.000000
111 LOG_DATAPACKET 31 2052 60 62 45 29 12 1100 1635 1469 2500 2500 0.000000
111 LOG_DATAPACKET 32 2045 62 69 49 23 14 1100 1635 1469 2500 2500 0.000000
111 LOG_DATAPACKET 33 2054 52 54 51 22 14 1100 1635 1469 2500 2500 0.000000
111 LOG_DATAPACKET 34 2052 57 51 50 19 10 1100 1635 1469 2500 2500 0.000000
111 LOG_DATAPACKET 35 2040 50 73 50 16 5 1100 1635 1469 2500 2500 0.000000
111 LOG_DATAPACKET 36 2042 67 81 45 17 -1 1100 1635 1469 2500 2500 0.000000
111 LOG_DATAPACKET 37 2035 46 91 36 14 -9 1100 1635 1469 2500 2500 0.000000
111 LOG_DATAPACKET 38 2031 56 81 27 14 -13 1100 1635 1469 2500 2500 0.000000
111 LOG_DATAPACKET 39 2047 52 74 24 8 -14 1100 1635 1469 2500 2500 0.000000
111 LOG_DATAPACKET 40 2038 47 85 17 4 -18 1100 1635 1469 2500 2500 0.000000
111 LOG_DATAPACKET 41 2062 55 97 12 3 -21 1100 1635 1469 2500 2500 0.000000
111 LOG_DATAPACKET 42 2066 56 103 9 1 -23 1100 1635 1469 2500 2500 0.000000
111 LOG_DATAPACKET 43 2089 49 74 5 -5 -27 1100 1635 1469 2500 2500 0.000000
111 LOG_DATAPACKET 44 2079 51 72 3 -6 -32 1100 1635 1469 2500 2500 0.000000
111 LOG_DATAPACKET 45 2069 79 91 4 -13 -34 1100 1635 1469 2500 2500 0.000000
111 LOG_DATAPACKET 46 2092 67 75 5 -19 -33 1100 1635 1469 2500 2500 0.000000
111 LOG_DATAPACKET 47 2097 66 59 5 -21 -36 1100 1635 1469 2500 2500 0.000000
111 LOG_DATAPACKET 48 2085 81 55 1 -24 -36 1100 1635 1469 2500 2500 0.000000
111 LOG_DATAPACKET 49 2093 69 57 -2 -28 -34 1100 1635 1469 2500 2500 0.000000
111 LOG_DATAPACKET 50 2089 94 64 -9 -29 -35 1100 1635 1469 2500 2500 0.000000
111 LOG_DATAPACKET 51 2060 89 102 -12 -35 -30 1100 1635 1469 2500 2500 0.000000
111 LOG_DATAPACKET 52 2069 94 105 -14 -40 -31 1100 1635 1469 2500 2500 0.000000
111 LOG_DATAPACKET 53 2066 93 70 -16 -44 -36 1100 1635 1469 2500 2500 0.000000
111 LOG_DATAPACKET 54 2048 111 77 -13 -51 -36 1100 1635 1469 2500 2500 0.000000
111 LOG_DATAPACKET 55 2065 94 66 -10 -53 -40 1100 1635 1469 2500 2500 0.000000
111 LOG_DATAPACKET 56 2046 93 15 -8 -55 -34 1100 1635 1469 2500 2500 0.000000
111 LOG_DATAPACKET 57 2071 105 35 -7 -52 -31 1100 1635 1469 2500 2500 0.000000
111 LOG_DATAPACKET 58 2092 103 28 -8 -45 -20 1100 1635 1469 2500 2500 0.000000
111 LOG_DATAPACKET 59 2091 105 39 -14 -38 -20 1100 1635 1469 2500 2500 0.000000
111 LOG_DATAPACKET 60 2099 112 44 -21 -40 -16 1100 1635 1469 2500 2500 0.000000
111 LOG_DATAPACKET 61 2100 112 54 -27 -45 -16 1100 1635 1469 2500 2500 0.000000
111 LOG_DATAPACKET 62 2091 108 47 -32 -50 -17 1100 1635 1469 2500 2500 0.000000
111 LOG_DATAPACKET 63 2087 117 54 -35 -54 -8 1100 1635 1469 2500 2500 0.000000
111 LOG_DATAPACKET 64 2064 131 51 -38 -57 -3 1100 1635 1469 2500 2500 0.000000
111 LOG_DATAPACKET 65 2053 127 29 -35 -60 -1 1100 1635 1469 2500 2500 0.000000
111 LOG_DATAPACKET 66 2039 124 45 -30 -57 2 1100 1635 1469 2500 2500 0.000000
111 LOG_DATAPACKET 67 2022 114 63 -20 -51 2 1100 1635 1469 2500 2500 0.000000
111 LOG_DATAPACKET 68 2052 122 30 -14 -35 3 1100 1635 1469 2500 2500 0.000000
111 LOG_DATAPACKET 69 2037 115 46 -11 -27 4 1100 1635 1469 2500 2500 0.000000
111 LOG_DATAPACKET 70 2029 111 61 -7 -20 2 1100 1635 1469 2500 2500 0.000000
111 LOG_DATAPACKET 71 2032 124 46 -1 -15 -1 1100 1635 1469 2500 2500 0.000000
111 LOG_DATAPACKET 72 2055 113 37 1 -19 -1 1100 1635 1469 2500 2500 0.000000
111 LOG_DATAPACKET 73 2056 112 43 1 -16 3 1100 1635 1469 2500 2500 0.000000
111 LOG_DATAPACKET 74 2081 108 51 2 -15 9 1100 1636 1469 2500 2500 0.000000
111 LOG_DATAPACKET 75 2059 96 29 4 -16 15 1100 1636 1469 2500 2500 0.000000
111 LOG_DATAPACKET 76 2081 92 55 2 -18 15 1100 1636 1469 2500 2500 0.000000
111 LOG_DATAPACKET 77 2081 98 50 1 -16 14 1100 1636 1469 2500 2500 0.000000
111 LOG_DATAPACKET 78 2072 104 48 -2 -12 12 1100 1636 1469 2500 2500 0.000000
111 LOG_DATAPACKET 79 2086 95 33 0 -7 11 1100 1636 1469 2500 2500 0.000000
111 LOG_DATAPACKET 80 2070 79 34 0 -6 5 1100 1636 1469 2500 2500 0.000000
111 LOG_DATAPACKET 81 2060 96 14 4 -3 1 1100 1636 1469 2500 2500 0.000000
111 LOG_DATAPACKET 82 2074 92 37 1 0 0 1100 1636 1469 2500 2500 0.000000
111 LOG_DATAPACKET 83 2053 87 51 5 -2 1 1100 1636 1469 2500 2500 0.000000
111 LOG_DATAPACKET 84 2062 82 46 10 -4 0 1100 1636 1469 2500 2500 0.000000
111 LOG_DATAPACKET 85 2056 96 54 17 0 1 1100 1635 1469 2500 2500 0.000000
111 LOG_DATAPACKET 86 2061 81 50 20 -2 1 1100 1635 1469 2500 2500 0.000000
111 LOG_DATAPACKET 87 2059 79 46 23 0 -1 1100 1635 1469 2500 2500 0.000000
111 LOG_DATAPACKET 88 2060 81 55 28 -3 -3 1100 1635 1469 2500 2500 0.000000
111 LOG_DATAPACKET 89 2060 75 25 29 0 -8 1100 1635 1469 2500 2500 0.000000
111 LOG_DATAPACKET 90 2059 66 35 25 2 -6 1100 1635 1469 2500 2500 0.000000
111 LOG_DATAPACKET 91 2065 76 22 19 5 -10 1100 1635 1469 2500 2500 0.000000
111 LOG_DATAPACKET 92 2065 82 23 13 4 -9 1100 1635 1469 2500 2500 0.000000
111 LOG_DATAPACKET 93 2053 63 53 4 7 -12 1100 1635 1469 2500 2500 0.000000
111 LOG_DATAPACKET 94 2075 69 16 -5 5 -19 1100 1635 1469 2500 2500 0.000000
111 LOG_DATAPACKET 95 2080 84 55 -17 8 -21 1100 1635 1469 2500 2500 0.000000
111 LOG_DATAPACKET 96 2085 81 45 -23 8 -25 1100 1635 1469 2500 2500 0.000000
111 LOG_DATAPACKET 97 2078 73 36 -32 5 -24 1100 1635 1469 2500 2500 0.000000
111 LOG_DATAPACKET 98 2086 94 51 -37 7 -21 1100 1635 1469 2500 2500 0.000000
111 LOG_DATAPACKET 99 2091 105 35 -46 3 -21 1100 1635 1469 2500 2500 0.000000
111 LOG_DATAPACKET 100 2082 94 46 -45 8 -20 1100 1635 1469 2500 2500 0.000000
111 LOG_DATAPACKET 101 2079 116 53 -39 6 -19 1100 1635 1469 2500 2500 0.000000
111 LOG_DATAPACKET 102 2070 113 57 -28 8 -18 1100 1635 1469 2500 2500 0.000000
111 LOG_DATAPACKET 103 2059 114 37 -18 12 -17 1100 1635 1469 2500 2500 0.000000
111 LOG_DATAPACKET 104 2049 123 68 -11 10 -14 1100 1635 1469 2500 2500 0.000000
111 LOG_DATAPACKET 105 2056 113 51 2 13 -10 1100 1635 1469 2500 2500 0.000000
111 LOG_DATAPACKET 106 2059 108 33 16 11 -4 1100 1635 1469 2500 2500 0.000000
111 LOG_DATAPACKET 107 2052 107 37 25 10 0 1100 1635 1469 2500 2500 0.000000
111 LOG_DATAPACKET 108 2048 95 33 32 9 3 1100 1635 1469 2500 2500 0.000000
111 LOG_DATAPACKET 109 2035 105 43 32 8 9 1100 1635 1469 2500 2500 0.000000
111 LOG_DATAPACKET 110 2030 86 49 29 8 14 1100 1635 1469 2500 2500 0.000000
111 LOG_DATAPACKET 111 2071 103 45 21 13 14 1100 1635 1469 2500 2500 0.000000
111 LOG_DATAPACKET 112 2063 89 58 6 16 10 1100 1635 1469 2500 2500 0.000000
111 LOG_DATAPACKET 113 2053 77 43 -3 16 10 1100 1635 1469 2500 2500 0.000000
111 LOG_DATAPACKET 114 2060 94 66 -22 13 10 1100 1635 1469 2500 2500 0.000000
111 LOG_DATAPACKET 115 2047 84 42 -37 15 7 1100 1635 1469 2500 2500 0.000000
111 LOG_DATAPACKET 116 2051 83 58 -52 8 8 1100 1635 1469 2500 2500 0.000000
111 LOG_DATAPACKET 117 2046 97 54 -56 2 8 1100 1635 1469 2500 2500 0.000000
111 LOG_DATAPACKET 118 2058 99 62 -57 1 9 1100 1635 1469 2500 2500 0.000000
111 LOG_DATAPACKET 119 2059 103 49 -55 3 6 1100 1635 1469 2500 2500 0.000000
111 LOG_DATAPACKET 120 2055 102 56 -45 1 11 1100 1635 1469 2500 2500 0.000000
111 LOG_DATAPACKET 121 2057 98 58 -30 6 11 1100 1635 1469 2500 2500 0.000000
111 LOG_DATAPACKET 122 2052 103 77 -17 4 14 1100 1635 1469 2500 2500 0.000000
111 LOG_DATAPACKET 123 2037 92 86 0 8 13 1100 1635 1469 2500 2500 0.000000
111 LOG_DATAPACKET 124 2058 89 62 23 9 12 1100 1635 1469 2500 2500 0.000000
111 LOG_DATAPACKET 125 2055 81 56 30 7 12 1100 1635 1469 2500 2500 0.000000
111 LOG_DATAPACKET 126 2063 80 48 36 6 13 1100 1635 1469 2500 2500 0.000000
111 LOG_DATAPACKET 127 2063 72 49 40 0 12 1100 1635 1469 2500 2500 0.000000
111 LOG_DATAPACKET 128 2052 63 70 37 0 11 1100 1635 1469 2500 2500 0.000000
111 LOG_DATAPACKET 129 2064 57 43 30 -4 9 1100 1635 1469 2500 2500 0.000000
111 LOG_DATAPACKET 130 2089 45 54 23 0 7 1100 1636 1469 2500 2500 0.000000
111 LOG_DATAPACKET 131 2078 54 47 10 1 2 1100 1636 1469 2500 2500 0.000000
111 LOG_DATAPACKET 132 2092 64 49 0 1 -2 1100 1636 1469 2500 2500 0.000000
111 LOG_DATAPACKET 133 2067 49 44 -14 -1 -3 1100 1636 1469 2500 2500 0.000000
111 LOG_DATAPACKET 134 2053 56 59 -19 -4 -2 1100 1636 1469 2500 2500 0.000000
111 LOG_DATAPACKET 135 2044 66 77 -23 -5 -5 1100 1636 1469 2500 2500 0.000000
111 LOG_DATAPACKET 136 2049 71 73 -28 -11 -6 1100 1636 1469 2500 2500 0.000000
111 LOG_DATAPACKET 137 2032 59 62 -28 -14 -8 1100 1636 1469 2500 2500 0.000000
111 LOG_DATAPACKET 138 2033 67 53 -25 -10 -13 1100 1636 1469 2500 2500 0.000000
111 LOG_DATAPACKET 139 2010 79 70 -15 -10 -15 1100 1636 1469 2500 2500 0.000000
111 LOG_DATAPACKET 140 2032 76 56 -9 -8 -17 1100 1636 1469 2500 2500 0.000000
111 LOG_DATAPACKET 141 2030 87 73 2 -5 -16 1100 1636 1469 2500 2500 0.000000
111 LOG_DATAPACKET 142 2019 73 59 11 -2 -17 1100 1635 1469 2500 2500 0.000000
111 LOG_DATAPACKET 143 2022 67 60 19 -9 -16 1100 1635 1469 2500 2500 0.000000
111 LOG_DATAPACKET 144 2032 68 52 28 -8 -15 1100 1635 1469 2500 2500 0.000000
111 LOG_DATAPACKET 145 2063 69 53 33 -8 -12 1100 1635 1469 2500 2500 0.000000
111 LOG_DATAPACKET 146 2068 80 73 33 -10 -12 1100 1635 1469 2500 2500 0.000000
111 LOG_DATAPACKET 147 2070 70 84 30 -12 -11 1100 1635 1469 2500 2500 0.000000
111 LOG_DATAPACKET 148 2063 72 50 17 -16 -13 1100 1635 1469 2500 2500 0.000000
111 LOG_DATAPACKET 149 2053 67 51 5 -20 -13 1100 1635 1469 2500 2500 0.000000
111 LOG_DATAPACKET 150 2052 71 66 -10 -23 -13 1100 1635 1469 2500 2500 0.000000
111 LOG_DATAPACKET 151 2056 71 57 -26 -25 -18 1100 1635 1469 2500 2500 0.000000
111 LOG_DATAPACKET 152 2058 56 48 -39 -26 -24 1100 1635 1469 2500 2500 0.000000
111 LOG_DATAPACKET 153 2071 69 46 -47 -22 -26 1100 1635 1469 2500 2500 0.000000
111 LOG_DATAPACKET 154 2070 83 19 -52 -24 -29 1100 1635 1469 2500 2500 0.000000
111 LOG_DATAPACKET 155 2068 73 47 -58 -25 -30 1100 1635 1469 2500 2500 0.000000
111 LOG_DATAPACKET 156 2072 77 51 -56 -24 -24 1100 1635 1469 2500 2500 0.000000
111 LOG_DATAPACKET 157 2084 69 17 -55 -29 -22 1100 1635 1469 2500 2500 0.000000
111 LOG_DATAPACKET 158 2091 82 24 -50 -33 -21 1100 1635 1469 2500 2500 0.000000
111 LOG_DATAPACKET 159 2089 82 35 -39 -36 -16 1100 1635 1469 2500 2500 0.000000
111 LOG_DATAPACKET 160 2077 91 37 -30 -38 -16 1100 1635 1469 2500 2500 0.000000
111 LOG_DATAPACKET 161 2075 94 59 -21 -38 -15 1100 1635 1469 2500 2500 0.000000
111 LOG_DATAPACKET 162 2069 81 31 -18 -37 -14 1100 1635 1469 2500 2500 0.000000
111 LOG_DATAPACKET 163 2045 87 58 -16 -35 -19 1100 1635 1469 2500 2500 0.000000
111 LOG_DATAPACKET 164 2059 74 41 -11 -34 -23 1100 1635 1469 2500 2500 0.000000
111 LOG_DATAPACKET 165 2039 81 56 -10 -29 -27 1100 1635 1469 2500 2500 0.000000
111 LOG_DATAPACKET 166 2057 80 67 -19 -31 -28 1100 1635 1469 2500 2500 0.000000
111 LOG_DATAPACKET 167 2059 77 19 -19 -32 -29 1100 1635 1469 2500 2500 0.000000
111 LOG_DATAPACKET 168 2055 65 24 -17 -34 -26 1100 1635 1469 2500 2500 0.000000
111 LOG_DATAPACKET 169 2074 62 -2 -17 -32 -29 1100 1635 1469 2500 2500 0.000000
111 LOG_DATAPACKET 170 2078 59 47 -22 -29 -24 1100 1635 1469 2500 2500 0.000000
111 LOG_DATAPACKET 171 2075 57 14 -20 -30 -23 1100 1635 1469 2500 2500 0.000000
111 LOG_DATAPACKET 172 2068 60 30 -20 -28 -16 1100 1635 1469 2500 2500 0.000000
111 LOG_DATAPACKET 173 2042 61 24 -21 -30 -17 1100 1635 1469 2500 2500 0.000000
111 LOG_DATAPACKET 174 2052 67 31 -22 -31 -19 1100 1635 1469 2500 2500 0.000000
111 LOG_DATAPACKET 175 2057 75 24 -18 -30 -24 1100 1635 1469 2500 2500 0.000000
111 LOG_DATAPACKET 176 2040 71 36 -14 -23 -25 1100 1635 1469 2500 2500 0.000000
111 LOG_DATAPACKET 177 2036 82 36 -12 -19 -26 1100 1635 1469 2500 2500 0.000000
111 LOG_DATAPACKET 178 2033 77 22 -11 -20 -25 1100 1635 1469 2500 2500 0.000000
111 LOG_DATAPACKET 179 2029 85 31 -6 -16 -20 1100 1635 1469 2500 2500 0.000000
111 LOG_DATAPACKET 180 2036 64 17 3 -18 -17 1100 1635 1469 2500 2500 0.000000
111 LOG_DATAPACKET 181 2045 61 13 9 -14 -14 1100 1635 1469 2500 2500 0.000000
111 LOG_DATAPACKET 182 2083 71 18 12 -9 -16 1100 1635 1469 2500 2500 0.000000
111 LOG_DATAPACKET 183 2083 61 35 10 0 -19 1100 1635 1469 2500 2500 0.000000
111 LOG_DATAPACKET 184 2092 75 14 4 3 -18 1100 1635 1469 2500 2500 0.000000
111 LOG_DATAPACKET 185 2096 54 5 -1 5 -13 1100 1635 1469 2500 2500 0.000000
111 LOG_DATAPACKET 186 2092 77 23 -7 2 -13 1100 1635 1469 2500 2500 0.000000
111 LOG_DATAPACKET 187 2095 94 40 -20 5 -10 1100 1636 1469 2500 2500 0.000000
111 LOG_DATAPACKET 188 2082 104 44 -29 9 -8 1100 1636 1469 2500 2500 0.000000
111 LOG_DATAPACKET 189 2055 99 42 -31 11 -10 1100 1636 1469 2500 2500 0.000000
111 LOG_DATAPACKET 190 2044 81 74 -20 16 -10 1100 1636 1469 2500 2500 0.000000
111 LOG_DATAPACKET 191 2035 93 61 -17 18 -15 1100 1636 1469 2500 2500 0.000000
111 LOG_DATAPACKET 192 2020 102 48 -10 20 -14 1100 1636 1469 2500 2500 0.000000
111 LOG_DATAPACKET 193 1996 87 45 1 24 -22 1100 1636 1469 2500 2500 0.000000
111 LOG_DATAPACKET 194 2026 87 26 11 29 -28 1100 1636 1469 2500 2500 0.000000
111 LOG_DATAPACKET 195 2092 98 13 19 44 -35 1100 1636 1469 2500 2500 0.000000
111 LOG_DATAPACKET 196 2136 87 5 15 59 -33 1100 1636 1469 2500 2500 0.000000
111 LOG_DATAPACKET 197 2082 89 7 8 67 -25 1100 1636 1469 2500 2500 0.000000
111 LOG_DATAPACKET 198 2073 88 32 4 57 -15 1100 1635 1469 2500 2500 0.000000
111 LOG_DATAPACKET 199 2041 86 44 8 47 -10 1100 1635 1469 2500 2500 0.000000
111 LOG_DATAPACKET 200 2057 83 69 14 37 -9 1100 1635 1469 2500 2500 0.000000
111 LOG_DATAPACKET 201 2075 80 41 23 37 -12 1100 1635 1469 2500 2500 0.000000
111 LOG_DATAPACKET 202 2070 60 18 31 44 -25 1100 1635 1469 2500 2500 0.000000
111 LOG_DATAPACKET 203 2063 79 14 31 48 -31 1100 1635 1469 2500 2500 0.000000
111 LOG_DATAPACKET 204 2075 90 17 20 57 -26 1100 1635 1469 2500 2500 0.000000
111 LOG_DATAPACKET 205 2069 80 59 5 62 -16 1100 1635 1469 2500 2500 0.000000
111 LOG_DATAPACKET 206 2057 74 29 -3 71 -13 1100 1635 1469 2500 2500 0.000000
111 LOG_DATAPACKET 207 2055 73 44 -4 62 -18 1100 1635 1469 2500 2500 0.000000
111 LOG_DATAPACKET 208 2065 78 63 -10 55 -26 1100 1635 1469 2500 2500 0.000000
111 LOG_DATAPACKET 209 2069 78 73 -18 54 -28 1100 1635 1469 2500 2500 0.000000
111 LOG_DATAPACKET 210 2066 98 75 -26 51 -29 1100 1635 1469 2500 2500 0.000000
111 LOG_DATAPACKET 211 2061 81 49 -26 49 -23 1100 1635 1469 2500 2500 0.000000
111 LOG_DATAPACKET 212 2048 105 81 -24 45 -20 1100 1635 1469 2500 2500 0.000000
111 LOG_DATAPACKET 213 2042 108 70 -31 51 -18 1100 1635 1469 2500 2500 0.000000
111 LOG_DATAPACKET 214 2061 115 74 -40 57 -22 1100 1635 1469 2500 2500 0.000000
111 LOG_DATAPACKET 215 2058 99 68 -34 57 -24 1100 1635 1469 2500 2500 0.000000
111 LOG_DATAPACKET 216 2064 103 71 -24 56 -29 1100 1635 1469 2500 2500 0.000000
111 LOG_DATAPACKET 217 2059 117 82 -18 52 -31 1100 1635 1469 2500 2500 0.000000
111 LOG_DATAPACKET 218 2058 110 60 -19 43 -25 1100 1635 1469 2500 2500 0.000000
111 LOG_DATAPACKET 219 2046 118 80 -23 40 -18 1100 1635 1469 2500 2500 0.000000
111 LOG_DATAPACKET 220 2050 115 105 -13 34 -12 1100 1635 1469 2500 2500 0.000000
111 LOG_DATAPACKET 221 2045 112 97 -10 33 -10 1100 1636 1469 2500 2500 0.000000
111 LOG_DATAPACKET 222 2039 111 109 -6 33 -13 1100 1636 1469 2500 2500 0.000000
111 LOG_DATAPACKET 223 2036 113 112 -9 29 -16 1100 1636 1469 2500 2500 0.000000
111 LOG_DATAPACKET 224 2009 110 103 -3 25 -23 1100 1636 1469 2500 2500 0.000000
111 LOG_DATAPACKET 225 2015 79 88 4 20 -23 1100 1636 1469 2500 2500 0.000000
111 LOG_DATAPACKET 226 2024 87 74 7 16 -22 1100 1636 1469 2500 2500 0.000000
111 LOG_DATAPACKET 227 2045 90 62 4 15 -18 1100 1636 1469 2500 2500 0.000000
111 LOG_DATAPACKET 228 2045 97 76 6 12 -17 1100 1636 1469 2500 2500 0.000000
111 LOG_DATAPACKET 229 2069 90 73 3 10 -19 1100 1636 1469 2500 2500 0.000000
111 LOG_DATAPACKET 230 2084 95 69 8 2 -23 1100 1636 1469 2500 2500 0.000000
111 LOG_DATAPACKET 231 2068 84 63 4 1 -20 1100 1636 1469 2500 2500 0.000000
111 LOG_DATAPACKET 232 2057 101 62 -1 -6 -15 1100 1635 1469 2500 2500 0.000000
111 LOG_DATAPACKET 233 2062 90 80 -4 -14 -17 1100 1635 1469 2500 2500 0.000000
111 LOG_DATAPACKET 234 2058 96 88 -7 -16 -17 1100 1635 1469 2500 2500 0.000000
111 LOG_DATAPACKET 235 2041 97 113 -3 -20 -23 1100 1635 1469 2500 2500 0.000000
111 LOG_DATAPACKET 236 2042 92 82 -1 -24 -25 1100 1635 1469 2500 2500 0.000000
111 LOG_DATAPACKET 237 2025 101 82 5 -31 -26 1100 1635 1469 2500 2500 0.000000
111 LOG_DATAPACKET 238 2037 97 76 10 -33 -25 1100 1635 1469 2500 2500 0.000000
111 LOG_DATAPACKET 239 2052 108 78 14 -27 -26 1100 1635 1469 2500 2500 0.000000
111 LOG_DATAPACKET 240 2055 107 75 20 -28 -27 1100 1635 1469 2500 2500 0.000000
111 LOG_DATAPACKET 241 2053 115 86 22 -25 -26 1100 1635 1469 2500 2500 0.000000
111 LOG_DATAPACKET 242 2066 102 57 22 -28 -27 1100 1635 1469 2500 2500 0.000000
111 LOG_DATAPACKET 243 2082 106 64 21 -29 -27 1100 1635 1469 2500 2500 0.000000
111 LOG_DATAPACKET 244 2076 110 63 20 -30 -21 1100 1635 1469 2500 2500 0.000000
111 LOG_DATAPACKET 245 2089 112 53 15 -37 -19 1100 1635 1469 2500 2500 0.000000
111 LOG_DATAPACKET 246 2116 109 64 9 -39 -15 1100 1635 1469 2500 2500 0.000000
111 LOG_DATAPACKET 247 2093 114 70 9 -47 -14 1100 1635 1469 2500 2500 0.000000
111 LOG_DATAPACKET 248 2074 120 73 -5 -45 -11 1100 1635 1469 2500 2500 0.000000
111 LOG_DATAPACKET 249 2077 127 70 -11 -48 -10 1100 1635 1469 2500 2500 0.000000
111 LOG_DATAPACKET 250 2051 130 82 -11 -50 -8 1100 1635 1469 2500 2500 0.000000
111 LOG_DATAPACKET 251 2045 120 74 -7 -51 -12 1100 1635 1469 2500 2500 0.000000
111 LOG_DATAPACKET 252 2046 132 62 -10 -46 -16 1100 1635 1469 2500 2500 0.000000
111 LOG_DATAPACKET 253 2074 129 63 -7 -38 -17 1100 1635 1469 2500 2500 0.000000
111 LOG_DATAPACKET 254 2078 136 56 -8 -33 -14 1100 1635 1469 2500 2500 0.000000
111 LOG_DATAPACKET 255 2077 124 57 -15 -31 -10 1100 1635 1469 2500 2500 0.000000
111 LOG_DATAPACKET 256 2041 130 52 -16 -34 0 1100 1635 1469 2500 2500 0.000000
111 LOG_DATAPACKET 257 2068 129 62 -14 -39 2 1100 1635 1469 2500 2500 0.000000
111 LOG_DATAPACKET 258 2078 109 51 -5 -45 5 1100 1635 1469 2500 2500 0.000000
111 LOG_DATAPACKET 259 2111 111 51 11 -51 6 1100 1635 1469 2500 2500 0.000000
111 LOG_DATAPACKET 260 2110 110 46 23 -49 11 1100 1635 1469 2500 2500 0.000000
111 LOG_DATAPACKET 261 2099 108 19 33 -51 21 1100 1635 1469 2500 2500 0.000000
111 LOG_DATAPACKET 262 2081 100 58 29 -49 37 1100 1635 1469 2500 2500 0.000000
111 LOG_DATAPACKET 263 2063 97 35 31 -51 50 1100 1635 1469 2500 2500 0.000000
111 LOG_DATAPACKET 264 2054 85 45 30 -57 54 1100 1635 1469 2500 2500 0.000000
111 LOG_DATAPACKET 265 2044 76 58 24 -57 54 1100 1635 1469 2500 2500 0.000000
111 LOG_DATAPACKET 266 2043 77 67 14 -59 46 1100 1635 1469 2500 2500 0.000000
111 LOG_DATAPACKET 267 2058 80 23 -7 -57 39 1100 1635 1469 2500 2500 0.000000
111 LOG_DATAPACKET 268 2068 84 44 -29 -55 38 1100 1635 1469 2500 2500 0.000000
111 LOG_DATAPACKET 269 2046 94 44 -53 -55 40 1100 1635 1469 2500 2500 0.000000
111 LOG_DATAPACKET 270 2033 74 68 -71 -57 47 1100 1635 1469 2500 2500 0.000000
111 LOG_DATAPACKET 271 2038 82 64 -81 -63 56 1100 1635 1469 2500 2500 0.000000
111 LOG_DATAPACKET 272 2045 83 61 -77 -65 55 1100 1635 1469 2500 2500 0.000000
111 LOG_DATAPACKET 273 2036 67 58 -62 -67 52 1100 1635 1469 2500 2500 0.000000
111 LOG_DATAPACKET 274 2044 72 48 -47 -69 46 1100 1635 1469 2500 2500 0.000000
111 LOG_DATAPACKET 275 2036 67 53 -32 -67 41 1100 1635 1469 2500 2500 0.000000
111 LOG_DATAPACKET 276 2025 64 36 -18 -63 40 1100 1635 1469 2500 2500 0.000000
111 LOG_DATAPACKET 277 2029 53 17 -3 -61 42 1100 1636 1469 2500 2500 0.000000
111 LOG_DATAPACKET 278 2027 65 30 4 -54 41 1100 1636 1469 2500 2500 0.000000
111 LOG_DATAPACKET 279 2046 37 35 13 -51 37 1100 1636 1469 2500 2500 0.000000
111 LOG_DATAPACKET 280 2056 36 23 18 -49 33 1100 1636 1469 2500 2500 0.000000
111 LOG_DATAPACKET 281 2079 17 28 17 -47 22 1100 1636 1469 2500 2500 0.000000
111 LOG_DATAPACKET 282 2089 28 41 5 -48 14 1100 1636 1469 2500 2500 0.000000
111 LOG_DATAPACKET 283 2092 13 13 -9 -54 6 1100 1636 1469 2500 2500 0.000000
111 LOG_DATAPACKET 284 2082 33 28 -22 -56 -2 1100 1636 1469 2500 2500 0.000000
111 LOG_DATAPACKET 285 2083 18 29 -33 -55 -11 1100 1636 1469 2500 2500 0.000000
111 LOG_DATAPACKET 286 2083 18 5 -40 -51 -17 1100 1636 1469 2500 2500 0.000000
111 LOG_DATAPACKET 287 2083 28 14 -40 -53 -27 1100 1636 1469 2500 2500 0.000000
111 LOG_DATAPACKET 288 2075 38 9 -41 -44 -36 1100 1635 1469 2500 2500 0.000000
111 LOG_DATAPACKET 289 2088 54 10 -33 -40 -44 1100 1635 1469 2500 2500 0.000000
111 LOG_DATAPACKET 290 2072 50 33 -20 -35 -50 1100 1635 1469 2500 2500 0.000000
111 LOG_DATAPACKET 291 2086 71 -10 -1 -28 -55 1100 1635 1469 2500 2500 0.000000
111 LOG_DATAPACKET 292 2104 73 -19 13 -22 -59 1100 1635 1469 2500 2500 0.000000
111 LOG_DATAPACKET 293 2113 87 3 34 -19 -58 1100 1635 1469 2500 2500 0.000000
111 LOG_DATAPACKET 294 2127 74 25 44 -15 -58 1100 1635 1469 2500 2500 0.000000
111 LOG_DATAPACKET 295 2116 83 6 52 -11 -58 1100 1635 1469 2500 2500 0.000000
111 LOG_DATAPACKET 296 2113 77 16 55 -13 -51 1100 1635 1469 2500 2500 0.000000
111 LOG_DATAPACKET 297 2112 77 -7 55 -14 -51 1100 1635 1469 2500 2500 0.000000
111 LOG_DATAPACKET 298 2098 87 -3 50 -14 -51 1100 1635 1469 2500 2500 0.000000
111 LOG_DATAPACKET 299 2082 81 11 42 -6 -57 1100 1635 1469 2500 2500 0.000000
111 LOG_DATAPACKET 300 2090 97 11 32 1 -52 1100 1635 1469 2500 2500 0.000000
111 LOG_DATAPACKET 301 2071 76 1 17 8 -54 1100 1635 1469 2500 2500 0.000000
111 LOG_DATAPACKET 302 2065 88 -22 5 16 -55 1100 1635 1469 2500 2500 0.000000
111 LOG_DATAPACKET 303 2072 87 13 -11 23 -54 1100 1635 1469 2500 2500 0.000000
111 LOG_DATAPACKET 304 2065 107 26 -26 33 -50 1100 1635 1469 2500 2500 0.000000
111 LOG_DATAPACKET 305 2052 97 5 -37 36 -43 1100 1635 1469 2500 2500 0.000000
111 LOG_DATAPACKET 306 2070 117 2 -41 36 -42 1100 1635 1469 2500 2500 0.000000
111 LOG_DATAPACKET 307 2064 128 0 -44 35 -37 1100 1635 1469 2500 2500 0.000000
111 LOG_DATAPACKET 308 2067 106 -27 -39 21 -28 1100 1635 1469 2500 2500 0.000000
111 LOG_DATAPACKET 309 2090 101 -8 -34 44 -23 1100 1635 1469 2500 2500 0.000000
111 LOG_DATAPACKET 310 2111 120 18 -37 59 -16 1100 1635 1469 2500 2500 0.000000
111 LOG_DATAPACKET 311 2115 146 23 -58 72 -8 1100 1635 1469 2500 2500 0.000000
111 LOG_DATAPACKET 312 2063 140 44 -61 73 -7 1100 1635 1469 2500 2500 0.000000
111 LOG_DATAPACKET 313 2033 145 41 -47 58 0 1100 1635 1469 2500 2500 0.000000
111 LOG_DATAPACKET 314 2021 147 77 -44 53 14 1100 1635 1469 2500 2500 0.000000
111 LOG_DATAPACKET 315 2035 146 64 -51 56 16 1100 1635 1469 2500 2500 0.000000
111 LOG_DATAPACKET 316 2047 137 50 -50 63 7 1100 1635 1469 2500 2500 0.000000
111 LOG_DATAPACKET 317 2022 117 19 -32 71 -4 1100 1635 1469 2500 2500 0.000000
111 LOG_DATAPACKET 318 2033 129 41 -19 74 -3 1100 1635 1469 2500 2500 0.000000
111 LOG_DATAPACKET 319 2037 125 60 -21 89 6 1100 1635 1469 2500 2500 0.000000
111 LOG_DATAPACKET 320 2052 129 52 -28 95 21 1100 1635 1469 2500 2500 0.000000
111 LOG_DATAPACKET 321 2062 110 72 -21 91 28 1100 1635 1469 2500 2500 0.000000
111 LOG_DATAPACKET 322 2048 95 64 -6 81 26 1100 1635 1469 2500 2500 0.000000
111 LOG_DATAPACKET 323 2041 90 65 0 73 25 1100 1635 1469 2500 2500 0.000000
111 LOG_DATAPACKET 324 2049 94 79 4 70 24 1100 1635 1469 2500 2500 0.000000
111 LOG_DATAPACKET 325 2034 78 104 2 62 35 1100 1635 1469 2500 2500 0.000000
111 LOG_DATAPACKET 326 2044 77 68 5 60 37 1100 1635 1469 2500 2500 0.000000
111 LOG_DATAPACKET 327 2024 86 91 0 54 35 1100 1635 1469 2500 2500 0.000000
111 LOG_DATAPACKET 328 2032 75 71 -9 54 33 1100 1635 1469 2500 2500 0.000000
111 LOG_DATAPACKET 329 2016 75 75 -14 53 29 1100 1635 1469 2500 2500 0.000000
111 LOG_DATAPACKET 330 2009 60 87 -11 52 24 1100 1635 1469 2500 2500 0.000000
111 LOG_DATAPACKET 331 1990 58 79 0 46 20 1100 1635 1469 2500 2500 0.000000
111 LOG_DATAPACKET 332 1990 40 108 10 39 17 1100 1635 1469 2500 2500 0.000000
111 LOG_DATAPACKET 333 2005 39 86 13 35 10 1100 1636 1469 2500 2500 0.000000
111 LOG_DATAPACKET 334 2018 29 94 11 32 6 1100 1636 1469 2500 2500 0.000000
111 LOG_DATAPACKET 335 2029 26 90 5 30 0 1100 1636 1469 2500 2500 0.000000
111 LOG_DATAPACKET 336 2058 44 94 -9 26 -8 1100 1636 1469 2500 2500 0.000000
111 LOG_DATAPACKET 337 2081 60 88 -33 23 -19 1100 1636 1469 2500 2500 0.000000
111 LOG_DATAPACKET 338 2077 48 92 -54 14 -23 1100 1636 1469 2500 2500 0.000000
111 LOG_DATAPACKET 339 2079 55 116 -66 2 -28 1100 1636 1469 2500 2500 0.000000
111 LOG_DATAPACKET 340 2057 47 82 -70 -15 -33 1100 1636 1469 2500 2500 0.000000
111 LOG_DATAPACKET 341 2082 82 104 -77 -23 -31 1100 1636 1469 2500 2500 0.000000
111 LOG_DATAPACKET 342 2072 76 120 -81 -26 -36 1100 1636 1469 2500 2500 0.000000
111 LOG_DATAPACKET 343 2063 83 111 -75 -24 -44 1100 1636 1469 2500 2500 0.000000
111 LOG_DATAPACKET 344 2074 85 113 -67 -26 -55 1100 1635 1469 2500 2500 0.000000
111 LOG_DATAPACKET 345 2046 89 93 -60 -26 -70 1100 1635 1469 2500 2500 0.000000
111 LOG_DATAPACKET 346 2061 106 90 -53 -28 -72 1100 1635 1469 2500 2500 0.000000
111 LOG_DATAPACKET 347 2061 90 82 -35 -30 -74 1100 1635 1469 2500 2500 0.000000
111 LOG_DATAPACKET 348 2073 97 67 -19 -34 -75 1100 1635 1469 2500 2500 0.000000
111 LOG_DATAPACKET 349 2097 100 46 -9 -44 -76 1100 1635 1469 2500 2500 0.000000
111 LOG_DATAPACKET 350 2108 97 58 0 -41 -70 1100 1635 1469 2500 2500 0.000000
111 LOG_DATAPACKET 351 2098 103 53 -4 -42 -68 1100 1635 1469 2500 2500 0.000000
111 LOG_DATAPACKET 352 2083 106 45 -4 -44 -66 1100 1635 1469 2500 2500 0.000000
111 LOG_DATAPACKET 353 2087 102 67 -9 -43 -62 1100 1635 1469 2500 2500 0.000000
111 LOG_DATAPACKET 354 2067 115 55 -18 -41 -62 1100 1635 1469 2500 2500 0.000000
111 LOG_DATAPACKET 355 2062 119 59 -33 -38 -68 1100 1635 1469 2500 2500 0.000000
111 LOG_DATAPACKET 356 2057 120 58 -49 -36 -72 1100 1635 1469 2500 2500 0.000000
111 LOG_DATAPACKET 357 2031 117 70 -53 -37 -73 1100 1635 1469 2500 2500 0.000000
111 LOG_DATAPACKET 358 2038 127 42 -59 -32 -72 1100 1635 1469 2500 2500 0.000000
111 LOG_DATAPACKET 359 2032 142 35 -69 -29 -68 1100 1635 1469 2500 2500 0.000000
111 LOG_DATAPACKET 360 2039 163 30 -73 -25 -64 1100 1635 1469 2500 2500 0.000000
111 LOG_DATAPACKET 361 2052 151 51 -67 -24 -60 1100 1635 1469 2500 2500 0.000000
111 LOG_DATAPACKET 362 2058 156 8 -59 -13 -55 1100 1635 1469 2500 2500 0.000000
111 LOG_DATAPACKET 363 2073 154 4 -47 -8 -53 1100 1635 1469 2500 2500 0.000000
111 LOG_DATAPACKET 364 2089 155 9 -31 -2 -40 1100 1635 1469 2500 2500 0.000000
111 LOG_DATAPACKET 365 2086 144 2 -21 5 -27 1100 1635 1469 2500 2500 0.000000
111 LOG_DATAPACKET 366 2076 159 21 -12 12 -13 1100 1635 1469 2500 2500 0.000000
111 LOG_DATAPACKET 367 2067 154 13 -2 15 -3 1100 1636 1469 2500 2500 0.000000
111 LOG_DATAPACKET 368 2060 136 42 5 12 3 1100 1636 1469 2500 2500 0.000000
111 LOG_DATAPACKET 369 2050 143 35 3 13 13 1100 1636 1469 2500 2500 0.000000
111 LOG_DATAPACKET 370 2044 146 26 3 14 13 1100 1636 1469 2500 2500 0.000000
111 LOG_DATAPACKET 371 2052 133 25 -2 21 17 1100 1636 1469 2500 2500 0.000000
111 LOG_DATAPACKET 372 2036 133 36 -3 21 16 1100 1636 1469 2500 2500 0.000000
111 LOG_DATAPACKET 373 2056 116 39 -15 29 19 1100 1636 1469 2500 2500 0.000000
111 LOG_DATAPACKET 374 2077 121 29 -26 36 20 1100 1636 1469 2500 2500 0.000000
111 LOG_DATAPACKET 375 2069 108 12 -34 40 26 1100 1636 1469 2500 2500 0.000000
111 LOG_DATAPACKET 376 2098 101 9 -44 45 32 1100 1636 1469 2500 2500 0.000000
111 LOG_DATAPACKET 377 2074 103 45 -47 46 39 1100 1636 1469 2500 2500 0.000000
111 LOG_DATAPACKET 378 2062 95 76 -49 34 43 1100 1635 1469 2500 2500 0.000000
111 LOG_DATAPACKET 379 2075 101 82 -46 31 44 1100 1635 1469 2500 2500 0.000000
111 LOG_DATAPACKET 380 2045 91 48 -37 26 46 1100 1635 1469 2500 2500 0.000000
111 LOG_DATAPACKET 381 2048 84 70 -20 20 44 1100 1635 1469 2500 2500 0.000000
111 LOG_DATAPACKET 382 2038 89 63 1 15 48 1100 1635 1469 2500 2500 0.000000
111 LOG_DATAPACKET 383 2035 87 65 15 20 48 1100 1635 1469 2500 2500 0.000000
111 LOG_DATAPACKET 384 2051 71 73 24 25 49 1100 1635 1469 2500 2500 0.000000
111 LOG_DATAPACKET 385 2050 75 63 33 25 44 1100 1635 1469 2500 2500 0.000000
111 LOG_DATAPACKET 386 2077 56 71 39 26 42 1100 1635 1469 2500 2500 0.000000
111 LOG_DATAPACKET 387 2069 62 56 31 26 39 1100 1635 1469 2500 2500 0.000000
111 LOG_DATAPACKET 388 2079 50 70 22 21 33 1100 1635 1469 2500 2500 0.000000
111 LOG_DATAPACKET 389 2081 73 97 17 13 31 1100 1635 1469 2500 2500 0.000000
111 LOG_DATAPACKET 390 2105 60 74 7 -2 29 1100 1635 1469 2500 2500 0.000000
111 LOG_DATAPACKET 391 2080 52 72 -6 -5 20 1100 1635 1469 2500 2500 0.000000
111 LOG_DATAPACKET 392 2078 52 86 -15 -17 15 1100 1635 1469 2500 2500 0.000000
111 LOG_DATAPACKET 393 2068 53 86 -26 -23 9 1100 1635 1469 2500 2500 0.000000
111 LOG_DATAPACKET 394 2072 61 79 -28 -23 3 1100 1635 1469 2500 2500 0.000000
111 LOG_DATAPACKET 395 2081 51 68 -29 -21 2 1100 1635 1469 2500 2500 0.000000
111 LOG_DATAPACKET 396 2084 68 63 -30 -15 -1 1100 1635 1469 2500 2500 0.000000
111 LOG_DATAPACKET 397 2077 62 78 -40 -14 -7 1100 1635 1469 2500 2500 0.000000
111 LOG_DATAPACKET 398 2093 71 49 -39 -11 -11 1100 1635 1469 2500 2500 0.000000
111 LOG_DATAPACKET 399 2081 58 47 -21 -9 -12 1100 1635 1469 2500 2500 0.000000
111 LOG_DATAPACKET 400 2094 69 43 -7 -15 -15 1100 1635 1469 2500 2500 0.000000
111 LOG_DATAPACKET 401 2108 66 51 3 -18 -14 1100 1635 1469 2500 2500 0.000000
111 LOG_DATAPACKET 402 2103 75 62 5 -24 -9 1100 1635 1469 2500 2500 0.000000
111 LOG_DATAPACKET 403 2105 84 48 9 -30 -8 1100 1635 1469 2500 2500 0.000000
111 LOG_DATAPACKET 404 2095 83 33 13 -29 -4 1100 1635 1469 2500 2500 0.000000
111 LOG_DATAPACKET 405 2064 105 50 10 -30 -2 1100 1635 1469 2500 2500 0.000000
111 LOG_DATAPACKET 406 2063 108 41 1 -28 -4 1100 1635 1469 2500 2500 0.000000
111 LOG_DATAPACKET 407 2052 98 41 -1 -25 -3 1100 1635 1469 2500 2500 0.000000
111 LOG_DATAPACKET 408 2038 109 43 6 -22 -4 1100 1635 1469 2500 2500 0.000000
111 LOG_DATAPACKET 409 2032 92 34 6 -15 -8 1100 1635 1469 2500 2500 0.000000
111 LOG_DATAPACKET 410 2049 103 30 7 -6 -12 1100 1635 1469 2500 2500 0.000000
111 LOG_DATAPACKET 411 2041 109 26 10 -2 -9 1100 1635 1469 2500 2500 0.000000
111 LOG_DATAPACKET 412 2043 100 32 11 2 -6 1100 1635 1469 2500 2500 0.000000
111 LOG_DATAPACKET 413 2032 111 31 14 -1 0 1100 1635 1469 2500 2500 0.000000
111 LOG_DATAPACKET 414 2040 111 29 15 -1 8 1100 1635 1469 2500 2500 0.000000
111 LOG_DATAPACKET 415 2039 108 30 20 0 10 1100 1635 1469 2500 2500 0.000000
111 LOG_DATAPACKET 416 2022 103 41 19 1 12 1100 1635 1469 2500 2500 0.000000
111 LOG_DATAPACKET 417 2036 102 35 23 5 14 1100 1635 1469 2500 2500 0.000000
111 LOG_DATAPACKET 418 2014 109 37 24 7 17 1100 1635 1469 2500 2500 0.000000
111 LOG_DATAPACKET 419 2019 93 56 29 12 19 1100 1635 1469 2500 2500 0.000000
111 LOG_DATAPACKET 420 2017 97 34 38 15 17 1100 1635 1469 2500 2500 0.000000
111 LOG_DATAPACKET 421 2011 89 63 49 24 19 1100 1635 1469 2500 2500 0.000000
111 LOG_DATAPACKET 422 2034 91 53 49 25 17 1100 1635 1469 2500 2500 0.000000
111 LOG_DATAPACKET 423 2022 85 46 50 30 17 1100 1636 1469 2500 2500 0.000000
111 LOG_DATAPACKET 424 2020 76 55 47 31 17 1100 1636 1469 2500 2500 0.000000
111 LOG_DATAPACKET 425 2025 74 64 43 27 15 1100 1636 1469 2500 2500 0.000000
111 LOG_DATAPACKET 426 2041 67 81 36 31 19 1100 1636 1469 2500 2500 0.000000
111 LOG_DATAPACKET 427 2035 66 63 31 24 18 1100 1636 1469 2500 2500 0.000000
111 LOG_DATAPACKET 428 2051 77 42 21 20 12 1100 1636 1469 2500 2500 0.000000
111 LOG_DATAPACKET 429 2079 51 45 14 22 9 1100 1636 1469 2500 2500 0.000000
111 LOG_DATAPACKET 430 2065 61 68 11 25 4 1100 1636 1469 2500 2500 0.000000
111 LOG_DATAPACKET 431 2050 66 75 5 28 3 1100 1636 1469 2500 2500 0.000000
111 LOG_DATAPACKET 432 2059 75 99 -8 27 0 1100 1636 1469 2500 2500 0.000000
111 LOG_DATAPACKET 433 2041 72 99 -16 28 -10 1100 1636 1469 2500 2500 0.000000
111 LOG_DATAPACKET 434 2048 79 99 -23 22 -13 1100 1636 1469 2500 2500 0.000000
111 LOG_DATAPACKET 435 2049 89 103 -25 17 -19 1100 1635 1469 2500 2500 0.000000
111 LOG_DATAPACKET 436 2024 106 94 -21 11 -27 1100 1635 1469 2500 2500 0.000000
111 LOG_DATAPACKET 437 2038 84 106 -18 14 -29 1100 1635 1469 2500 2500 0.000000
111 LOG_DATAPACKET 438 2044 107 83 -10 13 -38 1100 1635 1469 2500 2500 0.000000
111 LOG_DATAPACKET 439 2044 83 70 -4 14 -41 1100 1635 1469 2500 2500 0.000000
111 LOG_DATAPACKET 440 2076 98 70 0 18 -43 1100 1635 1469 2500 2500 0.000000
111 LOG_DATAPACKET 441 2075 86 61 5 15 -46 1100 1635 1469 2500 2500 0.000000
111 LOG_DATAPACKET 442 2072 85 43 9 14 -43 1100 1635 1469 2500 2500 0.000000
111 LOG_DATAPACKET 443 2088 77 73 12 10 -44 1100 1635 1469 2500 2500 0.000000
111 LOG_DATAPACKET 444 2105 82 35 7 2 -46 1100 1635 1469 2500 2500 0.000000
111 LOG_DATAPACKET 445 2108 75 32 2 3 -45 1100 1635 1469 2500 2500 0.000000
111 LOG_DATAPACKET 446 2108 77 45 -2 -4 -48 1100 1635 1469 2500 2500 0.000000
111 LOG_DATAPACKET 447 2115 84 62 -18 -4 -49 1100 1635 1469 2500 2500 0.000000
111 LOG_DATAPACKET 448 2107 85 57 -31 -9 -45 1100 1635 1469 2500 2500 0.000000
111 LOG_DATAPACKET 449 2082 93 54 -34 -12 -47 1100 1635 1469 2500 2500 0.000000
111 LOG_DATAPACKET 450 2084 100 26 -46 -12 -48 1100 1635 1469 2500 2500 0.000000
111 LOG_DATAPACKET 451 2078 92 31 -47 -6 -48 1100 1635 1469 2500 2500 0.000000
111 LOG_DATAPACKET 452 2080 107 25 -49 -3 -51 1100 1635 1469 2500 2500 0.000000
111 LOG_DATAPACKET 453 2081 113 26 -44 -2 -48 1100 1635 1469 2500 2500 0.000000
111 LOG_DATAPACKET 454 2092 116 42 -41 2 -47 1100 1635 1469 2500 2500 0.000000
111 LOG_DATAPACKET 455 2081 117 33 -35 2 -36 1100 1635 1469 2500 2500 0.000000
111 LOG_DATAPACKET 456 2089 123 39 -35 1 -29 1100 1635 1469 2500 2500 0.000000
111 LOG_DATAPACKET 457 2085 121 39 -31 0 -20 1100 1635 1469 2500 2500 0.000000
111 LOG_DATAPACKET 458 2085 125 40 -30 2 -17 1100 1635 1469 2500 2500 0.000000
111 LOG_DATAPACKET 459 2098 120 32 -23 4 -14 1100 1635 1469 2500 2500 0.000000
111 LOG_DATAPACKET 460 2088 127 29 -18 6 -9 1100 1635 1469 2500 2500 0.000000
111 LOG_DATAPACKET 461 2078 131 37 -15 8 -3 1100 1635 1469 2500 2500 0.000000
111 LOG_DATAPACKET 462 2072 130 29 -13 6 4 1100 1635 1469 2500 2500 0.000000
111 LOG_DATAPACKET 463 2071 119 38 -13 12 12 1100 1635 1469 2500 2500 0.000000
111 LOG_DATAPACKET 464 2057 118 37 -13 15 17 1100 1635 1469 2500 2500 0.000000
111 LOG_DATAPACKET 465 2066 122 58 -12 18 19 1100 1635 1469 2500 2500 0.000000
111 LOG_DATAPACKET 466 2060 115 55 -10 22 18 1100 1635 1469 2500 2500 0.000000
111 LOG_DATAPACKET 467 2042 115 56 -15 23 19 1100 1635 1469 2500 2500 0.000000
111 LOG_DATAPACKET 468 2048 115 73 -21 22 19 1100 1635 1469 2500 2500 0.000000
111 LOG_DATAPACKET 469 2039 113 46 -20 24 25 1100 1635 1469 2500 2500 0.000000
111 LOG_DATAPACKET 470 2048 104 52 -20 24 27 1100 1635 1469 2500 2500 0.000000
111 LOG_DATAPACKET 471 2046 107 53 -21 27 32 1100 1635 1469 2500 2500 0.000000
111 LOG_DATAPACKET 472 2047 111 60 -23 27 33 1100 1635 1469 2500 2500 0.000000
111 LOG_DATAPACKET 473 2030 107 79 -21 22 32 1100 1635 1469 2500 2500 0.000000
111 LOG_DATAPACKET 474 2028 97 54 -20 25 32 1100 1635 1469 2500 2500 0.000000
111 LOG_DATAPACKET 475 2043 93 81 -17 25 29 1100 1635 1469 2500 2500 0.000000
111 LOG_DATAPACKET 476 2051 94 76 -17 28 28 1100 1635 1469 2500 2500 0.000000
111 LOG_DATAPACKET 477 2054 106 93 -14 24 29 1100 1635 1469 2500 2500 0.000000
111 LOG_DATAPACKET 478 2042 91 92 -12 27 31 1100 1635 1469 2500 2500 0.000000
111 LOG_DATAPACKET 479 2049 97 84 -5 24 32 1100 1635 1469 2500 2500 0.000000
111 LOG_DATAPACKET 480 2055 84 89 1 23 33 1100 1636 1469 2500 2500 0.000000
111 LOG_DATAPACKET 481 2051 90 75 3 20 29 1100 1636 1469 2500 2500 0.000000
111 LOG_DATAPACKET 482 2040 88 71 7 23 28 1100 1636 1469 2500 2500 0.000000
111 LOG_DATAPACKET 483 2035 79 78 6 16 25 1100 1636 1469 2500 2500 0.000000
111 LOG_DATAPACKET 484 2038 75 81 9 13 24 1100 1636 1469 2500 2500 0.000000
111 LOG_DATAPACKET 485 2042 69 74 2 16 23 1100 1636 1469 2500 2500 0.000000
111 LOG_DATAPACKET 486 2032 74 58 0 11 23 1100 1636 1469 2500 2500 0.000000
111 LOG_DATAPACKET 487 2034 63 88 -8 14 20 1100 1636 1469 2500 2500 0.000000
111 LOG_DATAPACKET 488 2055 58 71 -16 16 13 1100 1636 1469 2500 2500 0.000000
111 LOG_DATAPACKET 489 2045 45 72 -16 16 8 1100 1636 1469 2500 2500 0.000000
111 LOG_DATAPACKET 490 2047 54 79 -25 10 11 1100 1636 1469 2500 2500 0.000000
111 LOG_DATAPACKET 491 2054 65 73 -36 9 7 1100 1635 1469 2500 2500 0.000000
111 LOG_DATAPACKET 492 2041 56 81 -41 3 10 1100 1635 1469 2500 2500 0.000000
111 LOG_DATAPACKET 493 2049 51 72 -47 -2 11 1100 1635 1469 2500 2500 0.000000
111 LOG_DATAPACKET 494 2031 54 90 -53 -3 9 1100 1635 1469 2500 2500 0.000000
111 LOG_DATAPACKET 495 2022 67 93 -57 -2 4 1100 1635 1469 2500 2500 0.000000
111 LOG_DATAPACKET 496 2037 72 97 -58 1 0 1100 1635 1469 2500 2500 0.000000
111 LOG_DATAPACKET 497 2044 75 69 -57 6 -7 1100 1635 1469 2500 2500 0.000000
111 LOG_DATAPACKET 498 2035 86 105 -57 8 -12 1100 1635 1469 2500 2500 0.000000
111 LOG_DATAPACKET 499 2026 83 84 -57 7 -14 1100 1635 1469 2500 2500 0.000000
111 LOG_DATAPACKET 500 2042 93 80 -50 3 -12 1100 1635 1469 2500 2500 0.000000
111 LOG_DATAPACKET 501 2024 79 60 -47 -1 -11 1100 1635 1469 2500 2500 0.000000
111 LOG_DATAPACKET 502 2023 89 70 -41 -1 -12 1100 1635 1469 2500 2500 0.000000
111 LOG_DATAPACKET 503 2021 80 93 -34 -1 -14 1100 1635 1469 2500 2500 0.000000
111 LOG_DATAPACKET 504 2032 64 57 -28 1 -13 1100 1635 1469 2500 2500 0.000000
111 LOG_DATAPACKET 505 2017 68 71 -23 0 -18 1100 1635 1469 2500 2500 0.000000
111 LOG_DATAPACKET 506 2040 81 39 -31 0 -21 1100 1635 1469 2500 2500 0.000000
111 LOG_DATAPACKET 507 2042 69 51 -32 8 -23 1100 1635 1469 2500 2500 0.000000
111 LOG_DATAPACKET 508 2061 66 38 -33 12 -26 1100 1635 1469 2500 2500 0.000000
111 LOG_DATAPACKET 509 2043 56 54 -37 16 -28 1100 1635 1469 2500 2500 0.000000
111 LOG_DATAPACKET 510 2067 70 70 -43 13 -28 1100 1635 1469 2500 2500 0.000000
111 LOG_DATAPACKET 511 2054 74 84 -52 10 -25 1100 1635 1469 2500 2500 0.000000
111 LOG_DATAPACKET 512 2040 59 67 -54 2 -21 1100 1635 1469 2500 2500 0.000000
111 LOG_DATAPACKET 513 2058 66 61 -58 -5 -21 1100 1636 1469 2500 2500 0.000000
111 LOG_DATAPACKET 514 2048 66 64 -57 -7 -25 1100 1636 1469 2500 2500 0.000000
111 LOG_DATAPACKET 515 2053 80 58 -57 -6 -26 1100 1636 1469 2500 2500 0.000000
111 LOG_DATAPACKET 516 2046 70 56 -54 -5 -31 1100 1636 1469 2500 2500 0.000000
111 LOG_DATAPACKET 517 2030 80 51 -49 1 -31 1100 1636 1469 2500 2500 0.000000
111 LOG_DATAPACKET 518 2043 72 60 -42 6 -31 1100 1636 1469 2500 2500 0.000000
111 LOG_DATAPACKET 519 2039 78 44 -37 7 -29 1100 1636 1469 2500 2500 0.000000
111 LOG_DATAPACKET 520 2048 85 43 -34 4 -25 1100 1636 1469 2500 2500 0.000000
111 LOG_DATAPACKET 521 2054 79 80 -38 1 -29 1100 1636 1469 2500 2500 0.000000
111 LOG_DATAPACKET 522 2056 80 67 -36 -5 -28 1100 1636 1469 2500 2500 0.000000
111 LOG_DATAPACKET 523 2080 73 53 -33 -4 -32 1100 1636 1469 2500 2500 0.000000
111 LOG_DATAPACKET 524 2075 76 48 -38 -5 -30 1100 1636 1469 2500 2500 0.000000
111 LOG_DATAPACKET 525 2067 72 56 -39 -11 -27 1100 1635 1469 2500 2500 0.000000
111 LOG_DATAPACKET 526 2063 87 59 -43 -9 -26 1100 1635 1469 2500 2500 0.000000
111 LOG_DATAPACKET 527 2072 73 76 -42 -12 -29 1100 1635 1469 2500 2500 0.000000
111 LOG_DATAPACKET 528 2064 74 60 -44 -15 -28 1100 1635 1469 2500 2500 0.000000
111 LOG_DATAPACKET 529 2082 76 74 -47 -13 -33 1100 1635 1469 2500 2500 0.000000
111 LOG_DATAPACKET 530 2083 78 48 -42 -13 -38 1100 1635 1469 2500 2500 0.000000
111 LOG_DATAPACKET 531 2109 84 23 -34 -18 -40 1100 1635 1469 2500 2500 0.000000
111 LOG_DATAPACKET 532 2110 96 48 -36 -18 -38 1100 1635 1469 2500 2500 0.000000
111 LOG_DATAPACKET 533 2108 85 45 -37 -20 -33 1100 1635 1469 2500 2500 0.000000
111 LOG_DATAPACKET 534 2108 71 55 -38 -24 -29 1100 1635 1469 2500 2500 0.000000
111 LOG_DATAPACKET 535 2111 84 55 -38 -25 -30 1100 1635 1469 2500 2500 0.000000
111 LOG_DATAPACKET 536 2108 99 38 -38 -31 -28 1100 1635 1469 2500 2500 0.000000
111 LOG_DATAPACKET 537 2119 95 47 -37 -35 -26 1100 1635 1469 2500 2500 0.000000
111 LOG_DATAPACKET 538 2119 94 56 -36 -38 -26 1100 1635 1469 2500 2500 0.000000
111 LOG_DATAPACKET 539 2091 106 53 -32 -36 -23 1100 1635 1469 2500 2500 0.000000
111 LOG_DATAPACKET 540 2086 107 45 -32 -41 -20 1100 1635 1469 2500 2500 0.000000
111 LOG_DATAPACKET 541 2077 110 67 -30 -41 -14 1100 1635 1469 2500 2500 0.000000
111 LOG_DATAPACKET 542 2046 93 75 -27 -40 -8 1100 1635 1469 2500 2500 0.000000
111 LOG_DATAPACKET 543 2023 115 55 -22 -39 -4 1100 1635 1469 2500 2500 0.000000
111 LOG_DATAPACKET 544 2011 109 74 -13 -42 3 1100 1635 1469 2500 2500 0.000000
111 LOG_DATAPACKET 545 2011 111 81 -1 -40 0 1100 1635 1469 2500 2500 0.000000
111 LOG_DATAPACKET 546 2035 98 52 1 -36 -4 1100 1635 1469 2500 2500 0.000000
111 LOG_DATAPACKET 547 2034 98 55 2 -29 -7 1100 1635 1469 2500 2500 0.000000
111 LOG_DATAPACKET 548 2047 84 42 6 -23 -8 1100 1635 1469 2500 2500 0.000000
111 LOG_DATAPACKET 549 2073 99 63 5 -20 -1 1100 1635 1469 2500 2500 0.000000
111 LOG_DATAPACKET 550 2057 85 41 0 -21 7 1100 1635 1469 2500 2500 0.000000
111 LOG_DATAPACKET 551 2078 92 43 -10 -24 17 1100 1635 1469 2500 2500 0.000000
111 LOG_DATAPACKET 552 2057 84 35 -18 -28 17 1100 1635 1469 2500 2500 0.000000
111 LOG_DATAPACKET 553 2059 72 73 -21 -33 17 1100 1635 1469 2500 2500 0.000000
111 LOG_DATAPACKET 554 2055 68 55 -21 -34 14 1100 1635 1469 2500 2500 0.000000
111 LOG_DATAPACKET 555 2046 83 24 -20 -32 16 1100 1635 1469 2500 2500 0.000000
111 LOG_DATAPACKET 556 2063 80 51 -24 -27 13 1100 1635 1469 2500 2500 0.000000
111 LOG_DATAPACKET 557 2031 81 43 -26 -29 12 1100 1635 1469 2500 2500 0.000000
111 LOG_DATAPACKET 558 2048 98 44 -33 -18 11 1100 1635 1469 2500 2500 0.000000
111 LOG_DATAPACKET 559 2040 93 50 -34 -13 5 1100 1635 1469 2500 2500 0.000000
111 LOG_DATAPACKET 560 2061 78 65 -30 -12 -2 1100 1635 1469 2500 2500 0.000000
111 LOG_DATAPACKET 561 2069 84 59 -21 -13 -3 1100 1635 1469 2500 2500 0.000000
111 LOG_DATAPACKET 562 2070 89 75 -9 -13 -2 1100 1635 1469 2500 2500 0.000000
111 LOG_DATAPACKET 563 2079 83 44 -2 -18 -4 1100 1635 1469 2500 2500 0.000000
111 LOG_DATAPACKET 564 2083 91 76 12 -18 1 1100 1635 1469 2500 2500 0.000000
111 LOG_DATAPACKET 565 2070 77 62 21 -16 -2 1100 1635 1469 2500 2500 0.000000
111 LOG_DATAPACKET 566 2078 75 55 30 -13 -5 1100 1635 1469 2500 2500 0.000000
111 LOG_DATAPACKET 567 2067 65 44 45 -13 -9 1100 1635 1469 2500 2500 0.000000
111 LOG_DATAPACKET 568 2077 76 42 50 -13 -11 1100 1635 1469 2500 2500 0.000000
111 LOG_DATAPACKET 569 2067 77 28 44 -13 -16 1100 1635 1469 2500 2500 0.000000
111 LOG_DATAPACKET 570 2073 82 54 42 -8 -18 1100 1636 1469 2500 2500 0.000000
111 LOG_DATAPACKET 571 2056 68 21 36 -8 -24 1100 1636 1469 2500 2500 0.000000
111 LOG_DATAPACKET 572 2072 79 24 20 -7 -28 1100 1636 1469 2500 2500 0.000000
111 LOG_DATAPACKET 573 2066 77 53 5 -2 -35 1100 1636 1469 2500 2500 0.000000
111 LOG_DATAPACKET 574 2073 81 41 0 2 -41 1100 1636 1469 2500 2500 0.000000
111 LOG_DATAPACKET 575 2086 95 68 -4 -1 -42 1100 1636 1469 2500 2500 0.000000
111 LOG_DATAPACKET 576 2079 100 60 -8 1 -43 1100 1636 1469 2500 2500 0.000000
111 LOG_DATAPACKET 577 2068 103 47 -10 -2 -45 1100 1636 1469 2500 2500 0.000000
111 LOG_DATAPACKET 578 2067 123 70 -5 0 -47 1100 1636 1469 2500 2500 0.000000
111 LOG_DATAPACKET 579 2064 116 53 2 3 -46 1100 1636 1469 2500 2500 0.000000
111 LOG_DATAPACKET 580 2081 118 45 15 6 -47 1100 1636 1469 2500 2500 0.000000
111 LOG_DATAPACKET 581 2058 113 60 26 14 -46 1100 1635 1469 2500 2500 0.000000
111 LOG_DATAPACKET 582 2058 114 53 43 20 -40 1100 1635 1469 2500 2500 0.000000
111 LOG_DATAPACKET 583 2073 111 35 44 23 -39 1100 1635 1469 2500 2500 0.000000
111 LOG_DATAPACKET 584 2062 125 68 47 25 -40 1100 1635 1469 2500 2500 0.000000
111 LOG_DATAPACKET 585 2064 116 44 47 32 -37 1100 1635 1469 2500 2500 0.000000
111 LOG_DATAPACKET 586 2049 106 74 46 27 -33 1100 1635 1469 2500 2500 0.000000
111 LOG_DATAPACKET 587 2065 130 54 38 28 -32 1100 1635 1469 2500 2500 0.000000
111 LOG_DATAPACKET 588 2074 121 50 31 26 -30 1100 1635 1469 2500 2500 0.000000
111 LOG_DATAPACKET 589 2073 104 64 17 27 -23 1100 1635 1469 2500 2500 0.000000
111 LOG_DATAPACKET 590 2053 125 66 2 26 -20 1100 1635 1469 2500 2500 0.000000
111 LOG_DATAPACKET 591 2071 131 73 -11 27 -22 1100 1635 1469 2500 2500 0.000000
111 LOG_DATAPACKET 592 2062 119 66 -16 29 -18 1100 1635 1469 2500 2500 0.000000
111 LOG_DATAPACKET 593 2058 117 73 -21 30 -15 1100 1635 1469 2500 2500 0.000000
111 LOG_DATAPACKET 594 2050 118 90 -20 31 -11 1100 1635 1469 2500 2500 0.000000
111 LOG_DATAPACKET 595 2045 116 59 -15 31 -4 1100 1635 1469 2500 2500 0.000000
111 LOG_DATAPACKET 596 2053 113 71 -8 29 0 1100 1635 1469 2500 2500 0.000000
111 LOG_DATAPACKET 597 2049 126 84 -3 26 9 1100 1635 1469 2500 2500 0.000000
111 LOG_DATAPACKET 598 2041 111 65 6 20 13 1100 1635 1469 2500 2500 0.000000
111 LOG_DATAPACKET 599 2049 109 72 11 17 16 1100 1635 1469 2500 2500 0.000000
111 LOG_DATAPACKET 600 2040 92 71 15 13 25 1100 1635 1469 2500 2500 0.000000
111 LOG_DATAPACKET 601 2039 99 80 16 9 27 1100 1635 1469 2500 2500 0.000000
111 LOG_DATAPACKET 602 2044 95 92 17 7 28 1100 1635 1469 2500 2500 0.000000
111 LOG_DATAPACKET 603 2052 95 91 9 5 26 1100 1635 1469 2500 2500 0.000000
111 LOG_DATAPACKET 604 2093 94 57 -7 8 25 1100 1635 1469 2500 2500 0.000000
111 LOG_DATAPACKET 605 2072 83 81 -11 7 30 1100 1635 1469 2500 2500 0.000000
111 LOG_DATAPACKET 606 2041 76 90 2 -12 43 1100 1635 1469 2500 2500 0.000000
111 LOG_DATAPACKET 607 2033 82 84 15 -24 47 1100 1635 1469 2500 2500 0.000000
111 LOG_DATAPACKET 608 2047 94 89 4 -33 52 1100 1635 1469 2500 2500 0.000000
111 LOG_DATAPACKET 609 2065 89 106 -2 -30 47 1100 1635 1469 2500 2500 0.000000
111 LOG_DATAPACKET 610 2066 69 98 9 -31 36 1100 1635 1469 2500 2500 0.000000
111 LOG_DATAPACKET 611 2046 89 91 23 -35 26 1100 1635 1469 2500 2500 0.000000
111 LOG_DATAPACKET 612 2039 90 118 19 -37 27 1100 1635 1469 2500 2500 0.000000
111 LOG_DATAPACKET 613 2071 78 84 10 -36 31 1100 1635 1469 2500 2500 0.000000
111 LOG_DATAPACKET 614 2068 82 89 13 -40 33 1100 1635 1469 2500 2500 0.000000
111 LOG_DATAPACKET 615 2061 59 103 33 -47 32 1100 1635 1469 2500 2500 0.000000
111 LOG_DATAPACKET 616 2052 62 94 39 -55 27 1100 1635 1469 2500 2500 0.000000
111 LOG_DATAPACKET 617 2066 67 81 41 -59 22 1100 1635 1469 2500 2500 0.000000
111 LOG_DATAPACKET 618 2065 58 60 42 -62 20 1100 1635 1469 2500 2500 0.000000
111 LOG_DATAPACKET 619 2060 48 73 48 -65 14 1100 1635 1469 2500 2500 0.000000
111 LOG_DATAPACKET 620 2079 64 80 48 -65 6 1100 1635 1469 2500 2500 0.000000
111 LOG_DATAPACKET 621 2083 77 66 39 -65 0 1100 1635 1469 2500 2500 0.000000
111 LOG_DATAPACKET 622 2098 82 69 22 -58 -5 1100 1635 1469 2500 2500 0.000000
111 LOG_DATAPACKET 623 2087 69 66 13 -57 -7 1100 1635 1469 2500 2500 0.000000
111 LOG_DATAPACKET 624 2066 51 65 5 -65 -8 1100 1635 1469 2500 2500 0.000000
111 LOG_DATAPACKET 625 2066 73 68 1 -63 -12 1100 1635 1469 2500 2500 0.000000
111 LOG_DATAPACKET 626 2079 84 70 -11 -66 -15 1100 1636 1469 2500 2500 0.000000
111 LOG_DATAPACKET 627 2064 87 67 -12 -68 -27 1100 1636 1469 2500 2500 0.000000
111 LOG_DATAPACKET 628 2079 84 63 -11 -68 -33 1100 1636 1469 2500 2500 0.000000
111 LOG_DATAPACKET 629 2080 69 51 -6 -62 -43 1100 1636 1469 2500 2500 0.000000
111 LOG_DATAPACKET 630 2088 86 39 -2 -59 -44 1100 1636 1469 2500 2500 0.000000
111 LOG_DATAPACKET 631 2092 88 25 -1 -50 -43 1100 1636 1469 2500 2500 0.000000
111 LOG_DATAPACKET 632 2091 98 9 1 -49 -42 1100 1636 1469 2500 2500 0.000000
111 LOG_DATAPACKET 633 2095 86 20 9 -40 -35 1100 1636 1469 2500 2500 0.000000
111 LOG_DATAPACKET 634 2099 95 11 15 -40 -34 1100 1636 1469 2500 2500 0.000000
111 LOG_DATAPACKET 635 2086 80 18 11 -36 -31 1100 1636 1469 2500 2500 0.000000
111 LOG_DATAPACKET 636 2076 100 8 9 -38 -30 1100 1636 1469 2500 2500 0.000000
111 LOG_DATAPACKET 637 2079 100 32 11 -38 -29 1100 1635 1469 2500 2500 0.000000
111 LOG_DATAPACKET 638 2074 98 10 9 -41 -26 1100 1635 1469 2500 2500 0.000000
111 LOG_DATAPACKET 639 2070 100 0 4 -38 -26 1100 1635 1469 2500 2500 0.000000
111 LOG_DATAPACKET 640 2069 96 -8 -3 -28 -17 1100 1635 1469 2500 2500 0.000000
111 LOG_DATAPACKET 641 2031 101 24 -13 -18 -11 1100 1635 1469 2500 2500 0.000000
111 LOG_DATAPACKET 642 2026 100 52 -19 -15 -15 1100 1635 1469 2500 2500 0.000000
111 LOG_DATAPACKET 643 2030 122 43 -22 -7 -17 1100 1635 1469 2500 2500 0.000000
111 LOG_DATAPACKET 644 2041 123 29 -31 -4 -26 1100 1635 1469 2500 2500 0.000000
111 LOG_DATAPACKET 645 2041 105 20 -31 -4 -24 1100 1635 1469 2500 2500 0.000000
111 LOG_DATAPACKET 646 2030 95 -6 -26 -6 -14 1100 1635 1469 2500 2500 0.000000
111 LOG_DATAPACKET 647 2029 101 28 -18 -6 0 1100 1635 1469 2500 2500 0.000000
111 LOG_DATAPACKET 648 2038 98 14 -15 0 6 1100 1635 1469 2500 2500 0.000000
111 LOG_DATAPACKET 649 2036 96 32 1 4 11 1100 1635 1469 2500 2500 0.000000
111 LOG_DATAPACKET 650 2037 89 30 17 13 10 1100 1635 1469 2500 2500 0.000000
111 LOG_DATAPACKET 651 2036 86 64 27 18 10 1100 1635 1469 2500 2500 0.000000
111 LOG_DATAPACKET 652 2052 94 30 21 21 15 1100 1635 1469 2500 2500 0.000000
111 LOG_DATAPACKET 653 2037 92 41 16 25 19 1100 1635 1469 2500 2500 0.000000
111 LOG_DATAPACKET 654 2041 82 42 20 22 15 1100 1635 1469 2500 2500 0.000000
111 LOG_DATAPACKET 655 2042 89 48 22 22 8 1100 1635 1469 2500 2500 0.000000
111 LOG_DATAPACKET 656 2042 74 49 25 21 8 1100 1635 1469 2500 2500 0.000000
111 LOG_DATAPACKET 657 2047 78 61 17 21 9 1100 1635 1469 2500 2500 0.000000
111 LOG_DATAPACKET 658 2028 62 75 16 26 14 1100 1635 1469 2500 2500 0.000000
111 LOG_DATAPACKET 659 2022 68 37 13 30 8 1100 1635 1469 2500 2500 0.000000
111 LOG_DATAPACKET 660 2040 75 44 11 31 1 1100 1636 1469 2500 2500 0.000000
111 LOG_DATAPACKET 661 2030 79 56 8 29 -11 1100 1636 1469 2500 2500 0.000000
111 LOG_DATAPACKET 662 2050 63 23 10 37 -16 1100 1636 1469 2500 2500 0.000000
111 LOG_DATAPACKET 663 2053 43 35 9 39 -18 1100 1636 1469 2500 2500 0.000000
111 LOG_DATAPACKET 664 2050 57 68 14 40 -19 1100 1636 1469 2500 2500 0.000000
111 LOG_DATAPACKET 665 2069 56 60 18 41 -21 1100 1636 1469 2500 2500 0.000000
111 LOG_DATAPACKET 666 2050 56 96 12 40 -25 1100 1636 1469 2500 2500 0.000000
111 LOG_DATAPACKET 667 2067 58 96 6 37 -28 1100 1636 1469 2500 2500 0.000000
111 LOG_DATAPACKET 668 2064 72 87 0 35 -33 1100 1636 1469 2500 2500 0.000000
111 LOG_DATAPACKET 669 2058 79 61 0 29 -40 1100 1636 1469 2500 2500 0.000000
111 LOG_DATAPACKET 670 2067 88 87 2 26 -43 1100 1636 1469 2500 2500 0.000000
111 LOG_DATAPACKET 671 2059 89 96 -4 25 -52 1100 1635 1469 2500 2500 0.000000
111 LOG_DATAPACKET 672 2065 83 62 -10 27 -57 1100 1635 1469 2500 2500 0.000000
111 LOG_DATAPACKET 673 2067 77 94 -9 27 -60 1100 1635 1469 2500 2500 0.000000
111 LOG_DATAPACKET 674 2072 81 101 -11 29 -60 1100 1635 1469 2500 2500 0.000000
111 LOG_DATAPACKET 675 2076 59 64 -14 25 -57 1100 1635 1469 2500 2500 0.000000
111 LOG_DATAPACKET 676 2085 83 88 -16 21 -55 1100 1635 1469 2500 2500 0.000000
111 LOG_DATAPACKET 677 2087 89 51 -18 17 -57 1100 1635 1469 2500 2500 0.000000
111 LOG_DATAPACKET 678 2083 92 48 -15 14 -56 1100 1635 1469 2500 2500 0.000000
111 LOG_DATAPACKET 679 2088 85 52 -16 4 -57 1100 1635 1469 2500 2500 0.000000
111 LOG_DATAPACKET 680 2081 88 84 -19 2 -52 1100 1635 1469 2500 2500 0.000000
111 LOG_DATAPACKET 681 2088 84 41 -26 -5 -45 1100 1635 1469 2500 2500 0.000000
111 LOG_DATAPACKET 682 2061 112 74 -31 -11 -41 1100 1635 1469 2500 2500 0.000000
111 LOG_DATAPACKET 683 2058 117 74 -38 -13 -38 1100 1635 1469 2500 2500 0.000000
111 LOG_DATAPACKET 684 2070 110 72 -41 -17 -33 1100 1635 1469 2500 2500 0.000000
111 LOG_DATAPACKET 685 2058 109 72 -46 -22 -31 1100 1635 1469 2500 2500 0.000000
111 LOG_DATAPACKET 686 2066 111 78 -47 -20 -29 1100 1635 1469 2500 2500 0.000000
111 LOG_DATAPACKET 687 2074 124 74 -43 -26 -29 1100 1635 1469 2500 2500 0.000000
111 LOG_DATAPACKET 688 2071 115 63 -39 -28 -26 1100 1635 1469 2500 2500 0.000000
111 LOG_DATAPACKET 689 2091 112 54 -35 -31 -15 1100 1635 1469 2500 2500 0.000000
111 LOG_DATAPACKET 690 2076 109 60 -32 -32 -5 1100 1635 1469 2500 2500 0.000000
111 LOG_DATAPACKET 691 2083 112 47 -29 -37 4 1100 1635 1469 2500 2500 0.000000
111 LOG_DATAPACKET 692 2093 115 62 -26 -45 15 1100 1635 1469 2500 2500 0.000000
111 LOG_DATAPACKET 693 2072 121 55 -23 -47 17 1100 1635 1469 2500 2500 0.000000
111 LOG_DATAPACKET 694 2075 122 69 -18 -53 21 1100 1635 1469 2500 2500 0.000000
111 LOG_DATAPACKET 695 2077 116 80 -14 -53 24 1100 1635 1469 2500 2500 0.000000
111 LOG_DATAPACKET 696 2045 116 47 -10 -51 28 1100 1635 1469 2500 2500 0.000000
111 LOG_DATAPACKET 697 2055 112 61 -7 -51 31 1100 1635 1469 2500 2500 0.000000
111 LOG_DATAPACKET 698 2061 112 72 -6 -48 34 1100 1635 1469 2500 2500 0.000000
111 LOG_DATAPACKET 699 2053 111 68 -2 -51 33 1100 1635 1469 2500 2500 0.000000
111 LOG_DATAPACKET 700 2056 112 62 -1 -50 29 1100 1635 1469 2500 2500 0.000000
111 LOG_DATAPACKET 701 2045 93 62 1 -54 30 1100 1635 1469 2500 2500 0.000000
111 LOG_DATAPACKET 702 2044 92 44 5 -53 30 1100 1635 1469 2500 2500 0.000000
111 LOG_DATAPACKET 703 2068 85 47 9 -51 30 1100 1635 1469 2500 2500 0.000000
111 LOG_DATAPACKET 704 2073 61 54 15 -50 25 1100 1635 1469 2500 2500 0.000000
111 LOG_DATAPACKET 705 2100 69 52 18 -47 20 1100 1635 1469 2500 2500 0.000000
111 LOG_DATAPACKET 706 2102 84 46 17 -48 18 1100 1635 1469 2500 2500 0.000000
111 LOG_DATAPACKET 707 2104 78 26 16 -46 19 1100 1635 1469 2500 2500 0.000000
111 LOG_DATAPACKET 708 2104 73 57 16 -48 14 1100 1635 1469 2500 2500 0.000000
111 LOG_DATAPACKET 709 2086 72 45 14 -48 14 1100 1635 1469 2500 2500 0.000000
111 LOG_DATAPACKET 710 2070 56 52 15 -50 10 1100 1635 1469 2500 2500 0.000000
111 LOG_DATAPACKET 711 2080 55 46 20 -52 5 1100 1635 1469 2500 2500 0.000000
111 LOG_DATAPACKET 712 2086 59 33 29 -53 -7 1100 1635 1469 2500 2500 0.000000
111 LOG_DATAPACKET 713 2100 55 30 29 -39 -16 1100 1635 1469 2500 2500 0.000000
111 LOG_DATAPACKET 714 2102 62 18 21 -28 -17 1100 1635 1469 2500 2500 0.000000
111 LOG_DATAPACKET 715 2056 61 22 18 -23 -23 1100 1635 1469 2500 2500 0.000000
111 LOG_DATAPACKET 716 2043 68 27 14 -21 -27 1100 1636 1469 2500 2500 0.000000
111 LOG_DATAPACKET 717 2049 80 33 9 -22 -30 1100 1636 1469 2500 2500 0.000000
111 LOG_DATAPACKET 718 2041 63 53 5 -19 -39 1100 1636 1469 2500 2500 0.000000
111 LOG_DATAPACKET 719 2066 68 33 9 -15 -47 1100 1636 1469 2500 2500 0.000000
111 LOG_DATAPACKET 720 2097 73 4 12 -6 -56 1100 1636 1469 2500 2500 0.000000
111 LOG_DATAPACKET 721 2091 64 3 14 -1 -58 1100 1636 1469 2500 2500 0.000000
111 LOG_DATAPACKET 722 2108 70 14 10 11 -54 1100 1636 1469 2500 2500 0.000000
111 LOG_DATAPACKET 723 2107 80 -6 6 15 -44 1100 1636 1469 2500 2500 0.000000
111 LOG_DATAPACKET 724 2087 71 31 7 11 -40 1100 1636 1469 2500 2500 0.000000
111 LOG_DATAPACKET 725 2071 87 34 11 12 -39 1100 1636 1469 2500 2500 0.000000
111 LOG_DATAPACKET 726 2047 75 27 13 7 -40 1100 1636 1469 2500 2500 0.000000
111 LOG_DATAPACKET 727 2041 103 28 7 16 -48 1100 1635 1469 2500 2500 0.000000
111 LOG_DATAPACKET 728 2045 108 6 7 27 -54 1100 1635 1469 2500 2500 0.000000
111 LOG_DATAPACKET 729 2031 104 53 2 37 -54 1100 1635 1469 2500 2500 0.000000
111 LOG_DATAPACKET 730 2043 131 52 -15 49 -54 1100 1635 1469 2500 2500 0.000000
111 LOG_DATAPACKET 731 2020 136 58 -35 63 -51 1100 1635 1469 2500 2500 0.000000
111 LOG_DATAPACKET 732 2018 142 55 -51 67 -52 1100 1635 1469 2500 2500 0.000000
111 LOG_DATAPACKET 733 2026 126 58 -58 67 -50 1100 1635 1469 2500 2500 0.000000
111 LOG_DATAPACKET 734 2040 139 63 -54 72 -55 1100 1635 1469 2500 2500 0.000000
111 LOG_DATAPACKET 735 2037 129 50 -45 67 -52 1100 1635 1469 2500 2500 0.000000
111 LOG_DATAPACKET 736 2043 152 64 -43 74 -49 1100 1635 1469 2500 2500 0.000000
111 LOG_DATAPACKET 737 2039 139 26 -36 74 -44 1100 1635 1469 2500 2500 0.000000
111 LOG_DATAPACKET 738 2031 144 67 -27 80 -36 1100 1635 1469 2500 2500 0.000000
111 LOG_DATAPACKET 739 2028 148 45 -18 86 -32 1100 1635 1469 2500 2500 0.000000
111 LOG_DATAPACKET 740 2039 149 82 -8 93 -25 1100 1635 1469 2500 2500 0.000000
111 LOG_DATAPACKET 741 2027 134 69 2 99 -22 1100 1635 1469 2500 2500 0.000000
111 LOG_DATAPACKET 742 2031 137 82 2 97 -23 1100 1635 1469 2500 2500 0.000000
111 LOG_DATAPACKET 743 2030 133 109 -4 98 -19 1100 1635 1469 2500 2500 0.000000
111 LOG_DATAPACKET 744 2011 138 88 -15 95 -17 1100 1635 1469 2500 2500 0.000000
111 LOG_DATAPACKET 745 2017 120 115 -25 89 -20 1100 1635 1469 2500 2500 0.000000
111 LOG_DATAPACKET 746 1998 124 93 -41 89 -18 1100 1635 1469 2500 2500 0.000000
111 LOG_DATAPACKET 747 2020 118 90 -47 85 -21 1100 1635 1469 2500 2500 0.000000
111 LOG_DATAPACKET 748 2016 121 97 -48 92 -22 1100 1635 1469 2500 2500 0.000000
111 LOG_DATAPACKET 749 2009 107 91 -53 89 -20 1100 1635 1469 2500 2500 0.000000
111 LOG_DATAPACKET 750 2014 119 98 -48 87 -21 1100 1635 1469 2500 2500 0.000000
111 LOG_DATAPACKET 751 2005 107 121 -42 86 -21 1100 1635 1469 2500 2500 0.000000
111 LOG_DATAPACKET 752 2006 108 109 -34 80 -17 1100 1635 1469 2500 2500 0.000000
111 LOG_DATAPACKET 753 2014 106 109 -21 77 -15 1100 1635 1469 2500 2500 0.000000
111 LOG_DATAPACKET 754 2030 100 133 -7 71 -14 1100 1635 1469 2500 2500 0.000000
111 LOG_DATAPACKET 755 2034 94 132 1 63 -9 1100 1635 1469 2500 2500 0.000000
111 LOG_DATAPACKET 756 2033 86 127 13 51 -7 1100 1635 1469 2500 2500 0.000000
111 LOG_DATAPACKET 757 2025 86 128 16 44 -7 1100 1635 1469 2500 2500 0.000000
111 LOG_DATAPACKET 758 2008 77 134 21 35 -5 1100 1635 1469 2500 2500 0.000000
111 LOG_DATAPACKET 759 2012 75 134 20 28 -2 1100 1635 1469 2500 2500 0.000000
111 LOG_DATAPACKET 760 2017 64 138 17 19 -6 1100 1635 1469 2500 2500 0.000000
111 LOG_DATAPACKET 761 2024 64 139 11 14 -7 1100 1635 1469 2500 2500 0.000000
111 LOG_DATAPACKET 762 2050 65 124 -2 12 -15 1100 1635 1469 2500 2500 0.000000
111 LOG_DATAPACKET 763 2067 70 120 -19 1 -19 1100 1635 1469 2500 2500 0.000000
111 LOG_DATAPACKET 764 2070 73 118 -32 -6 -19 1100 1635 1469 2500 2500 0.000000
111 LOG_DATAPACKET 765 2049 71 110 -42 -20 -12 1100 1635 1469 2500 2500 0.000000
111 LOG_DATAPACKET 766 2057 73 131 -46 -38 -7 1100 1635 1469 2500 2500 0.000000
111 LOG_DATAPACKET 767 2059 60 128 -47 -49 -4 1100 1635 1469 2500 2500 0.000000
111 LOG_DATAPACKET 768 2047 68 119 -35 -62 -3 1100 1635 1469 2500 2500 0.000000
111 LOG_DATAPACKET 769 2066 82 121 -28 -68 -7 1100 1635 1469 2500 2500 0.000000
111 LOG_DATAPACKET 770 2076 83 119 -18 -77 -6 1100 1635 1469 2500 2500 0.000000
111 LOG_DATAPACKET 771 2058 103 98 -9 -82 -5 1100 1635 1469 2500 2500 0.000000
111 LOG_DATAPACKET 772 2080 88 102 -2 -90 0 1100 1636 1469 2500 2500 0.000000
111 LOG_DATAPACKET 773 2074 101 73 0 -98 7 1100 1636 1469 2500 2500 0.000000
111 LOG_DATAPACKET 774 2077 88 80 2 -101 12 1100 1636 1469 2500 2500 0.000000
111 LOG_DATAPACKET 775 2084 105 95 0 -108 18 1100 1636 1469 2500 2500 0.000000
111 LOG_DATAPACKET 776 2072 85 86 0 -116 13 1100 1636 1469 2500 2500 0.000000
111 LOG_DATAPACKET 777 2060 96 117 2 -122 12 1100 1636 1469 2500 2500 0.000000
111 LOG_DATAPACKET 778 2098 94 72 -1 -129 5 1100 1636 1469 2500 2500 0.000000
111 LOG_DATAPACKET 779 2083 104 57 -7 -130 5 1100 1636 1469 2500 2500 0.000000
111 LOG_DATAPACKET 780 2084 83 57 -15 -131 9 1100 1636 1469 2500 2500 0.000000
111 LOG_DATAPACKET 781 2070 87 59 -20 -134 12 1100 1636 1469 2500 2500 0.000000
111 LOG_DATAPACKET 782 2086 69 45 -24 -134 13 1100 1636 1469 2500 2500 0.000000
111 LOG_DATAPACKET 783 2091 80 19 -29 -129 16 1100 1636 1469 2500 2500 0.000000
111 LOG_DATAPACKET 784 2091 87 9 -30 -125 15 1100 1631 1469 2500 2500 0.000000
111 LOG_DATAPACKET 785 2079 79 42 -31 -121 14 1100 1631 1469 2500 2500 0.000000
111 LOG_DATAPACKET 786 2098 86 8 -32 -120 12 1100 1631 1469 2500 2500 0.000000
111 LOG_DATAPACKET 787 2110 81 13 -31 -120 9 1100 1631 1469 2500 2500 0.000000
111 LOG_DATAPACKET 788 2089 103 0 -26 -112 12 1100 1631 1469 2500 2500 0.000000
111 LOG_DATAPACKET 789 2104 96 9 -13 -111 12 1100 1631 1469 2500 2500 0.000000
111 LOG_DATAPACKET 790 2102 94 18 -6 -107 16 1100 1631 1469 2500 2500 0.000000
111 LOG_DATAPACKET 791 2088 83 -11 -2 -102 24 1100 1631 1469 2500 2500 0.000000
111 LOG_DATAPACKET 792 2083 83 -4 6 -96 28 1100 1631 1469 2500 2500 0.000000
111 LOG_DATAPACKET 793 2078 101 -13 11 -93 26 1100 1631 1469 2500 2500 0.000000
111 LOG_DATAPACKET 794 2078 88 -23 16 -80 19 1100 1631 1469 2500 2500 0.000000
111 LOG_DATAPACKET 795 2073 85 -3 25 -70 15 1100 1635 1469 2500 2500 0.000000
111 LOG_DATAPACKET 796 2063 76 -18 31 -64 14 1100 1635 1469 2500 2500 0.000000
111 LOG_DATAPACKET 797 2062 74 -12 21 -51 13 1100 1635 1469 2500 2500 0.000000
111 LOG_DATAPACKET 798 2063 63 31 12 -39 16 1100 1635 1469 2500 2500 0.000000
111 LOG_DATAPACKET 799 2032 63 17 13 -34 18 1100 1635 1469 2500 2500 0.000000
111 LOG_DATAPACKET 800 2038 55 22 16 -27 10 1100 1635 1469 2500 2500 0.000000
111 LOG_DATAPACKET 801 2041 68 2 18 -16 6 1100 1635 1469 2500 2500 0.000000
111 LOG_DATAPACKET 802 2035 71 -2 4 -8 0 1100 1635 1469 2500 2500 0.000000
111 LOG_DATAPACKET 803 2032 64 -28 -2 0 -6 1100 1635 1469 2500 2500 0.000000
111 LOG_DATAPACKET 804 2025 50 -4 -2 8 -12 1100 1635 1469 2500 2500 0.000000
111 LOG_DATAPACKET 805 2020 51 0 0 19 -18 1100 1635 1469 2500 2500 0.000000
111 LOG_DATAPACKET 806 2041 61 2 -1 30 -22 1100 1636 1469 2500 2500 0.000000
111 LOG_DATAPACKET 807 2057 76 -15 -5 44 -32 1100 1636 1469 2500 2500 0.000000
111 LOG_DATAPACKET 808 2065 63 1 1 51 -41 1100 1636 1469 2500 2500 0.000000
111 LOG_DATAPACKET 809 2056 49 24 7 58 -40 1100 1636 1469 2500 2500 0.000000
111 LOG_DATAPACKET 810 2059 69 16 9 61 -39 1100 1636 1469 2500 2500 0.000000
111 LOG_DATAPACKET 811 2055 81 11 13 67 -43 1100 1636 1469 2500 2500 0.000000
111 LOG_DATAPACKET 812 2066 60 27 19 71 -44 1100 1636 1469 2500 2500 0.000000
111 LOG_DATAPACKET 813 2074 77 3 28 73 -56 1100 1636 1469 2500 2500 0.000000
111 LOG_DATAPACKET 814 2065 71 31 34 78 -65 1100 1636 1469 2500 2500 0.000000
111 LOG_DATAPACKET 815 2066 75 40 36 83 -65 1100 1636 1469 2500 2500 0.000000
111 LOG_DATAPACKET 816 2067 73 41 36 85 -66 1100 1636 1469 2500 2500 0.000000
111 LOG_DATAPACKET 817 2062 71 43 32 90 -70 1100 1636 1469 2500 2500 0.000000
111 LOG_DATAPACKET 818 2070 94 60 27 90 -75 1100 1638 1471 2500 2500 0.000000
111 LOG_DATAPACKET 819 2066 88 49 18 93 -79 1100 1638 1471 2500 2500 0.000000
111 LOG_DATAPACKET 820 2054 101 77 8 97 -82 1100 1638 1471 2500 2500 0.000000
111 LOG_DATAPACKET 821 2071 95 58 4 94 -88 1100 1638 1471 2500 2500 0.000000
111 LOG_DATAPACKET 822 2048 108 74 0 95 -94 1100 1638 1471 2500 2500 0.000000
111 LOG_DATAPACKET 823 2074 115 78 -7 94 -93 1100 1638 1471 2500 2500 0.000000
111 LOG_DATAPACKET 824 2083 122 67 -15 95 -95 1100 1638 1471 2500 2500 0.000000
111 LOG_DATAPACKET 825 2079 148 69 -21 96 -96 1100 1638 1471 2500 2500 0.000000
111 LOG_DATAPACKET 826 2068 119 93 -24 95 -97 1100 1638 1471 2500 2500 0.000000
111 LOG_DATAPACKET 827 2076 128 62 -18 90 -96 1100 1638 1471 2500 2500 0.000000
111 LOG_DATAPACKET 828 2078 130 96 -17 83 -92 1100 1638 1471 2500 2500 0.000000
111 LOG_DATAPACKET 829 2087 159 62 -11 83 -89 1100 1635 1469 2500 2500 0.000000
111 LOG_DATAPACKET 830 2083 142 78 -6 82 -87 1100 1635 1469 2500 2500 0.000000
111 LOG_DATAPACKET 831 2096 147 75 -1 79 -87 1100 1635 1469 2500 2500 0.000000
111 LOG_DATAPACKET 832 2097 150 68 3 82 -81 1100 1635 1469 2500 2500 0.000000
111 LOG_DATAPACKET 833 2106 158 65 1 78 -71 1100 1635 1469 2500 2500 0.000000
111 LOG_DATAPACKET 834 2109 160 65 0 72 -60 1100 1635 1469 2500 2500 0.000000
111 LOG_DATAPACKET 835 2092 173 54 -1 66 -55 1100 1635 1469 2500 2500 0.000000
111 LOG_DATAPACKET 836 2086 165 90 0 64 -48 1100 1635 1469 2500 2500 0.000000
111 LOG_DATAPACKET 837 2098 167 91 7 51 -44 1100 1635 1469 2500 2500 0.000000
111 LOG_DATAPACKET 838 2099 158 102 2 48 -37 1100 1635 1469 2500 2500 0.000000
111 LOG_DATAPACKET 839 2087 170 83 -1 40 -26 1100 1635 1469 2500 2500 0.000000
111 LOG_DATAPACKET 840 2074 172 87 2 38 -17 1100 1635 1469 2500 2500 0.000000
111 LOG_DATAPACKET 841 2103 185 72 -1 35 -10 1100 1635 1469 2500 2500 0.000000
111 LOG_DATAPACKET 842 2076 179 83 -4 33 3 1100 1635 1469 2500 2500 0.000000
111 LOG_DATAPACKET 843 2079 170 113 -2 30 8 1100 1635 1469 2500 2500 0.000000
111 LOG_DATAPACKET 844 2068 159 87 2 22 17 1100 1635 1469 2500 2500 0.000000
111 LOG_DATAPACKET 845 2062 177 91 9 18 28 1100 1635 1469 2500 2500 0.000000
111 LOG_DATAPACKET 846 2064 166 93 12 12 36 1100 1635 1469 2500 2500 0.000000
111 LOG_DATAPACKET 847 2049 169 101 17 -1 49 1100 1635 1469 2500 2500 0.000000
111 LOG_DATAPACKET 848 2028 162 92 20 -5 54 1100 1635 1469 2500 2500 0.000000
111 LOG_DATAPACKET 849 2029 151 107 20 -10 60 1100 1635 1469 2500 2500 0.000000
111 LOG_DATAPACKET 850 2026 144 129 20 -13 61 1100 1635 1469 2500 2500 0.000000
111 LOG_DATAPACKET 851 2021 134 86 26 -17 66 1100 1635 1469 2500 2500 0.000000
111 LOG_DATAPACKET 852 2010 134 87 25 -20 65 1100 1635 1469 2500 2500 0.000000
111 LOG_DATAPACKET 853 2015 107 101 25 -21 68 1100 1635 1469 2500 2500 0.000000
111 LOG_DATAPACKET 854 2006 109 114 20 -21 68 1100 1635 1469 2500 2500 0.000000
111 LOG_DATAPACKET 855 2020 91 138 15 -21 67 1100 1635 1469 2500 2500 0.000000
111 LOG_DATAPACKET 856 2034 83 103 11 -28 63 1100 1635 1469 2500 2500 0.000000
111 LOG_DATAPACKET 857 2041 85 124 13 -31 57 1100 1635 1469 2500 2500 0.000000
111 LOG_DATAPACKET 858 2030 72 97 8 -34 58 1100 1635 1469 2500 2500 0.000000
111 LOG_DATAPACKET 859 2038 52 93 10 -40 53 1100 1635 1469 2500 2500 0.000000
111 LOG_DATAPACKET 860 2029 54 91 16 -47 48 1100 1635 1469 2500 2500 0.000000
111 LOG_DATAPACKET 861 2054 29 104 17 -42 40 1100 1635 1469 2500 2500 0.000000
111 LOG_DATAPACKET 862 2047 49 98 9 -43 28 1100 1635 1469 2500 2500 0.000000
111 LOG_DATAPACKET 863 2046 40 85 -1 -45 20 1100 1636 1469 2500 2500 0.000000
111 LOG_DATAPACKET 864 2063 47 87 -7 -41 10 1100 1636 1469 2500 2500 0.000000
111 LOG_DATAPACKET 865 2061 44 88 -15 -45 7 1100 1636 1469 2500 2500 0.000000
111 LOG_DATAPACKET 866 2058 52 91 -28 -47 8 1100 1636 1469 2500 2500 0.000000
111 LOG_DATAPACKET 867 2044 55 63 -37 -49 1 1100 1636 1469 2500 2500 0.000000
111 LOG_DATAPACKET 868 2027 56 97 -42 -50 -10 1100 1636 1469 2500 2500 0.000000
111 LOG_DATAPACKET 869 2045 55 112 -36 -50 -26 1100 1636 1469 2500 2500 0.000000
111 LOG_DATAPACKET 870 2061 56 110 -24 -50 -32 1100 1636 1469 2500 2500 0.000000
111 LOG_DATAPACKET 871 2061 78 88 -17 -46 -45 1100 1636 1469 2500 2500 0.000000
111 LOG_DATAPACKET 872 2077 83 80 -16 -44 -47 1100 1636 1469 2500 2500 0.000000
111 LOG_DATAPACKET 873 2072 98 76 -17 -46 -44 1100 1636 1469 2500 2500 0.000000
111 LOG_DATAPACKET 874 2070 85 38 -12 -45 -44 1100 1635 1469 2500 2500 0.000000
111 LOG_DATAPACKET 875 2073 87 42 -7 -44 -43 1100 1635 1469 2500 2500 0.000000
111 LOG_DATAPACKET 876 2077 98 38 -3 -46 -42 1100 1635 1469 2500 2500 0.000000
111 LOG_DATAPACKET 877 2067 94 56 -3 -46 -44 1100 1635 1469 2500 2500 0.000000
111 LOG_DATAPACKET 878 2060 81 55 1 -46 -50 1100 1635 1469 2500 2500 0.000000
111 LOG_DATAPACKET 879 2069 103 31 1 -40 -54 1100 1635 1469 2500 2500 0.000000
111 LOG_DATAPACKET 880 2073 114 44 -5 -33 -52 1100 1635 1469 2500 2500 0.000000
111 LOG_DATAPACKET 881 2057 108 36 -22 -30 -53 1100 1635 1469 2500 2500 0.000000
111 LOG_DATAPACKET 882 2072 113 30 -38 -24 -50 1100 1635 1469 2500 2500 0.000000
111 LOG_DATAPACKET 883 2075 108 17 -45 -20 -44 1100 1635 1469 2500 2500 0.000000
111 LOG_DATAPACKET 884 2070 123 22 -60 -18 -41 1100 1635 1469 2500 2500 0.000000
111 LOG_DATAPACKET 885 2075 134 33 -75 -14 -39 1100 1635 1469 2500 2500 0.000000
111 LOG_DATAPACKET 886 2079 144 28 -88 -10 -33 1100 1635 1469 2500 2500 0.000000
111 LOG_DATAPACKET 887 2077 151 25 -94 -8 -31 1100 1635 1469 2500 2500 0.000000
111 LOG_DATAPACKET 888 2073 159 36 -100 -1 -24 1100 1635 1469 2500 2500 0.000000
111 LOG_DATAPACKET 889 2069 163 18 -95 3 -17 1100 1635 1469 2500 2500 0.000000
111 LOG_DATAPACKET 890 2061 171 26 -86 8 -13 1100 1635 1469 2500 2500 0.000000
111 LOG_DATAPACKET 891 2069 160 19 -69 11 -5 1100 1635 1469 2500 2500 0.000000
111 LOG_DATAPACKET 892 2064 168 39 -51 16 3 1100 1635 1469 2500 2500 0.000000
111 LOG_DATAPACKET 893 2072 152 32 -40 20 13 1100 1635 1469 2500 2500 0.000000
111 LOG_DATAPACKET 894 2058 146 29 -25 27 18 1100 1635 1469 2500 2500 0.000000
111 LOG_DATAPACKET 895 2067 154 16 -17 26 27 1100 1635 1469 2500 2500 0.000000
111 LOG_DATAPACKET 896 2071 144 33 -9 29 36 1100 1635 1469 2500 2500 0.000000
111 LOG_DATAPACKET 897 2050 139 26 -10 31 42 1100 1635 1469 2500 2500 0.000000
111 LOG_DATAPACKET 898 2048 123 16 -10 30 46 1100 1635 1469 2500 2500 0.000000
111 LOG_DATAPACKET 899 2046 117 19 -12 33 53 1100 1635 1469 2500 2500 0.000000
111 LOG_DATAPACKET 900 2043 100 19 -21 33 55 1100 1635 1469 2500 2500 0.000000
111 LOG_DATAPACKET 901 2053 91 55 -29 35 55 1100 1635 1469 2500 2500 0.000000
111 LOG_DATAPACKET 902 2064 91 44 -37 33 58 1100 1635 1469 2500 2500 0.000000
111 LOG_DATAPACKET 903 2055 104 47 -43 28 65 1100 1635 1469 2500 2500 0.000000
111 LOG_DATAPACKET 904 2060 78 56 -49 23 67 1100 1635 1469 2500 2500 0.000000
111 LOG_DATAPACKET 905 2055 85 82 -51 19 70 1100 1635 1469 2500 2500 0.000000
111 LOG_DATAPACKET 906 2051 87 77 -44 15 72 1100 1635 1469 2500 2500 0.000000
111 LOG_DATAPACKET 907 2028 86 66 -33 7 66 1100 1635 1469 2500 2500 0.000000
111 LOG_DATAPACKET 908 2035 74 76 -21 7 70 1100 1635 1469 2500 2500 0.000000
111 LOG_DATAPACKET 909 2047 78 96 -11 7 70 1100 1635 1469 2500 2500 0.000000
111 LOG_DATAPACKET 910 2032 74 95 1 5 72 1100 1635 1469 2500 2500 0.000000
111 LOG_DATAPACKET 911 2034 87 98 8 1 68 1100 1635 1469 2500 2500 0.000000
111 LOG_DATAPACKET 912 2042 79 111 10 -2 60 1100 1635 1469 2500 2500 0.000000
111 LOG_DATAPACKET 913 2044 71 82 18 -6 55 1100 1635 1469 2500 2500 0.000000
111 LOG_DATAPACKET 914 2057 66 111 22 -13 52 1100 1635 1469 2500 2500 0.000000
111 LOG_DATAPACKET 915 2047 55 116 26 -17 45 1100 1635 1469 2500 2500 0.000000
111 LOG_DATAPACKET 916 2041 54 112 31 -25 42 1100 1635 1469 2500 2500 0.000000
111 LOG_DATAPACKET 917 2024 58 122 23 -26 33 1100 1635 1469 2500 2500 0.000000
111 LOG_DATAPACKET 918 2011 46 119 13 -31 23 1100 1635 1469 2500 2500 0.000000
111 LOG_DATAPACKET 919 2030 45 112 7 -34 14 1100 1636 1469 2500 2500 0.000000
111 LOG_DATAPACKET 920 2019 46 124 3 -39 4 1100 1636 1469 2500 2500 0.000000
111 LOG_DATAPACKET 921 2035 44 99 -4 -35 -3 1100 1636 1469 2500 2500 0.000000
111 LOG_DATAPACKET 922 2048 46 110 -14 -36 -10 1100 1636 1469 2500 2500 0.000000
111 LOG_DATAPACKET 923 2048 45 95 -20 -35 -12 1100 1636 1469 2500 2500 0.000000
111 LOG_DATAPACKET 924 2068 53 87 -25 -35 -19 1100 1636 1469 2500 2500 0.000000
111 LOG_DATAPACKET 925 2066 58 92 -15 -41 -24 1100 1636 1469 2500 2500 0.000000
111 LOG_DATAPACKET 926 2077 55 98 -6 -44 -29 1100 1636 1469 2500 2500 0.000000
111 LOG_DATAPACKET 927 2100 55 70 1 -47 -36 1100 1636 1469 2500 2500 0.000000
111 LOG_DATAPACKET 928 2083 71 80 10 -52 -37 1100 1636 1469 2500 2500 0.000000
111 LOG_DATAPACKET 929 2083 58 64 15 -55 -38 1100 1636 1469 2500 2500 0.000000
111 LOG_DATAPACKET 930 2086 69 39 18 -54 -36 1100 1635 1469 2500 2500 0.000000
111 LOG_DATAPACKET 931 2078 78 57 18 -55 -31 1100 1635 1469 2500 2500 0.000000
111 LOG_DATAPACKET 932 2074 85 66 19 -50 -29 1100 1635 1469 2500 2500 0.000000
111 LOG_DATAPACKET 933 2069 86 54 24 -50 -29 1100 1635 1469 2500 2500 0.000000
111 LOG_DATAPACKET 934 2050 81 40 19 -49 -34 1100 1635 1469 2500 2500 0.000000
111 LOG_DATAPACKET 935 2073 80 64 19 -46 -39 1100 1635 1469 2500 2500 0.000000
111 LOG_DATAPACKET 936 2057 89 69 18 -43 -47 1100 1635 1469 2500 2500 0.000000
111 LOG_DATAPACKET 937 2057 97 48 13 -39 -49 1100 1635 1469 2500 2500 0.000000
111 LOG_DATAPACKET 938 2068 78 29 6 -35 -42 1100 1635 1469 2500 2500 0.000000
111 LOG_DATAPACKET 939 2061 102 33 -5 -33 -30 1100 1635 1469 2500 2500 0.000000
111 LOG_DATAPACKET 940 2066 103 42 -14 -34 -24 1100 1635 1469 2500 2500 0.000000
111 LOG_DATAPACKET 941 2070 86 34 -18 -37 -18 1100 1635 1469 2500 2500 0.000000
111 LOG_DATAPACKET 942 2053 95 43 -19 -32 -20 1100 1635 1469 2500 2500 0.000000
111 LOG_DATAPACKET 943 2072 89 32 -20 -29 -15 1100 1635 1469 2500 2500 0.000000
111 LOG_DATAPACKET 944 2067 98 16 -22 -24 -16 1100 1635 1469 2500 2500 0.000000
111 LOG_DATAPACKET 945 2075 106 21 -21 -22 -16 1100 1635 1469 2500 2500 0.000000
111 LOG_DATAPACKET 946 2075 111 23 -22 -17 -8 1100 1635 1469 2500 2500 0.000000
111 LOG_DATAPACKET 947 2076 103 21 -25 -13 3 1100 1635 1469 2500 2500 0.000000
111 LOG_DATAPACKET 948 2078 120 50 -31 -12 5 1100 1635 1469 2500 2500 0.000000
111 LOG_DATAPACKET 949 2077 105 47 -34 -12 12 1100 1635 1469 2500 2500 0.000000
111 LOG_DATAPACKET 950 2069 111 45 -36 -15 16 1100 1635 1469 2500 2500 0.000000
111 LOG_DATAPACKET 951 2074 108 51 -36 -17 17 1100 1635 1469 2500 2500 0.000000
111 LOG_DATAPACKET 952 2058 112 60 -35 -12 16 1100 1635 1469 2500 2500 0.000000
111 LOG_DATAPACKET 953 2061 110 57 -34 -12 14 1100 1636 1469 2500 2500 0.000000
111 LOG_DATAPACKET 954 2061 107 58 -30 -7 14 1100 1636 1469 2500 2500 0.000000
111 LOG_DATAPACKET 955 2064 115 57 -24 -5 14 1100 1636 1469 2500 2500 0.000000
111 LOG_DATAPACKET 956 2070 93 40 -20 1 19 1100 1636 1469 2500 2500 0.000000
111 LOG_DATAPACKET 957 2062 99 63 -19 2 25 1100 1636 1469 2500 2500 0.000000
111 LOG_DATAPACKET 958 2049 92 63 -11 -2 27 1100 1636 1469 2500 2500 0.000000
111 LOG_DATAPACKET 959 2047 94 81 -13 -3 27 1100 1636 1469 2500 2500 0.000000
111 LOG_DATAPACKET 960 2058 87 70 -9 -8 22 1100 1636 1469 2500 2500 0.000000
111 LOG_DATAPACKET 961 2071 75 78 3 -12 20 1100 1636 1469 2500 2500 0.000000
111 LOG_DATAPACKET 962 2094 87 66 9 -11 19 1100 1636 1469 2500 2500 0.000000
111 LOG_DATAPACKET 963 2076 78 43 11 -9 18 1100 1636 1469 2500 2500 0.000000
111 LOG_DATAPACKET 964 2061 71 52 7 -10 18 1100 1635 1469 2500 2500 0.000000
111 LOG_DATAPACKET 965 2061 69 67 2 -10 20 1100 1635 1469 2500 2500 0.000000
111 LOG_DATAPACKET 966 2045 72 66 0 -11 16 1100 1635 1469 2500 2500 0.000000
111 LOG_DATAPACKET 967 2059 86 62 3 -11 9 1100 1635 1469 2500 2500 0.000000
111 LOG_DATAPACKET 968 2057 77 63 -5 -9 4 1100 1635 1469 2500 2500 0.000000
111 LOG_DATAPACKET 969 2063 79 73 -6 -8 -1 1100 1635 1469 2500 2500 0.000000
111 LOG_DATAPACKET 970 2040 80 62 -6 -11 -9 1100 1635 1469 2500 2500 0.000000
111 LOG_DATAPACKET 971 2051 100 64 -4 -8 -15 1100 1635 1469 2500 2500 0.000000
111 LOG_DATAPACKET 972 2067 97 55 -2 -2 -23 1100 1635 1469 2500 2500 0.000000
111 LOG_DATAPACKET 973 2060 104 50 0 0 -26 1100 1635 1469 2500 2500 0.000000
111 LOG_DATAPACKET 974 2063 84 49 2 1 -24 1100 1635 1469 2500 2500 0.000000
111 LOG_DATAPACKET 975 2075 89 53 1 1 -29 1100 1635 1469 2500 2500 0.000000
111 LOG_DATAPACKET 976 2066 94 63 1 5 -30 1100 1635 1469 2500 2500 0.000000
111 LOG_DATAPACKET 977 2072 105 59 5 10 -35 1100 1635 1469 2500 2500 0.000000
111 LOG_DATAPACKET 978 2071 93 48 8 7 -35 1100 1635 1469 2500 2500 0.000000
111 LOG_DATAPACKET 979 2064 110 42 10 14 -39 1100 1635 1469 2500 2500 0.000000
111 LOG_DATAPACKET 980 2059 113 34 2 16 -42 1100 1635 1469 2500 2500 0.000000
111 LOG_DATAPACKET 981 2050 134 69 3 15 -41 1100 1635 1469 2500 2500 0.000000
111 LOG_DATAPACKET 982 2039 122 67 3 15 -42 1100 1635 1469 2500 2500 0.000000
111 LOG_DATAPACKET 983 2029 112 60 4 19 -45 1100 1635 1469 2500 2500 0.000000
111 LOG_DATAPACKET 984 2039 112 80 3 22 -47 1100 1635 1469 2500 2500 0.000000
111 LOG_DATAPACKET 985 2036 103 86 8 25 -47 1100 1635 1469 2500 2500 0.000000
111 LOG_DATAPACKET 986 2051 102 22 14 28 -44 1100 1635 1469 2500 2500 0.000000
111 LOG_DATAPACKET 987 2038 108 58 17 29 -45 1100 1635 1469 2500 2500 0.000000
111 LOG_DATAPACKET 988 2057 92 42 24 30 -40 1100 1635 1469 2500 2500 0.000000
111 LOG_DATAPACKET 989 2058 105 29 24 31 -35 1100 1635 1469 2500 2500 0.000000
111 LOG_DATAPACKET 990 2070 96 28 23 31 -27 1100 1635 1469 2500 2500 0.000000
111 LOG_DATAPACKET 991 2068 94 44 22 34 -23 1100 1635 1469 2500 2500 0.000000
111 LOG_DATAPACKET 992 2067 108 61 17 30 -19 1100 1635 1469 2500 2500 0.000000
111 LOG_DATAPACKET 993 2060 92 46 11 26 -18 1100 1635 1469 2500 2500 0.000000
111 LOG_DATAPACKET 994 2059 110 57 1 22 -12 1100 1635 1469 2500 2500 0.000000
111 LOG_DATAPACKET 995 2063 104 69 -3 26 -12 1100 1635 1469 2500 2500 0.000000
111 LOG_DATAPACKET 996 2056 109 55 -13 22 -13 1100 1635 1469 2500 2500 0.000000
111 LOG_DATAPACKET 997 2062 109 36 -17 23 -17 1100 1635 1469 2500 2500 0.000000
111 LOG_DATAPACKET 998 2064 106 49 -24 23 -12 1100 1635 1469 2500 2500 0.000000
111 LOG_DATAPACKET 999 2065 111 44 -26 28 -7 1100 1635 1469 2500 2500 0.000000
111 LOG_DATAPACKET 1000 2062 107 57 -23 27 2 1100 1635 1469 2500 2500 0.000000
111 LOG_DATAPACKET 1001 2066 125 61 -21 25 4 1100 1635 1469 2500 2500 0.000000
111 LOG_DATAPACKET 1002 2069 120 74 -21 26 4 1100 1635 1469 2500 2500 0.000000
111 LOG_DATAPACKET 1003 2056 113 99 -14 18 6 1100 1635 1469 2500 2500 0.000000
111 LOG_DATAPACKET 1004 2067 114 93 -7 18 7 1100 1635 1469 2500 2500 0.000000
111 LOG_DATAPACKET 1005 2075 120 85 -3 17 8 1100 1635 1469 2500 2500 0.000000
111 LOG_DATAPACKET 1006 2065 121 79 -2 11 13 1100 1635 1469 2500 2500 0.000000
111 LOG_DATAPACKET 1007 2072 103 66 -2 5 17 1100 1635 1469 2500 2500 0.000000
111 LOG_DATAPACKET 1008 2076 104 75 -1 6 20 1100 1635 1469 2500 2500 0.000000
111 LOG_DATAPACKET 1009 2078 95 81 0 8 23 1100 1636 1469 2500 2500 0.000000
111 LOG_DATAPACKET 1010 2083 85 75 -2 7 23 1100 1636 1469 2500 2500 0.000000
111 LOG_DATAPACKET 1011 2084 92 87 -10 8 18 1100 1636 1469 2500 2500 0.000000
111 LOG_DATAPACKET 1012 2095 77 70 -14 6 19 1100 1636 1469 2500 2500 0.000000
111 LOG_DATAPACKET 1013 2066 93 109 -27 -3 17 1100 1636 1469 2500 2500 0.000000
111 LOG_DATAPACKET 1014 2073 84 62 -27 -9 13 1100 1636 1469 2500 2500 0.000000
111 LOG_DATAPACKET 1015 2067 85 76 -30 -16 12 1100 1636 1469 2500 2500 0.000000
111 LOG_DATAPACKET 1016 2043 88 83 -32 -18 13 1100 1636 1469 2500 2500 0.000000
111 LOG_DATAPACKET 1017 2055 85 87 -27 -17 12 1100 1636 1469 2500 2500 0.000000
111 LOG_DATAPACKET 1018 2063 95 63 -26 -18 8 1100 1636 1469 2500 2500 0.000000
111 LOG_DATAPACKET 1019 2048 71 71 -23 -14 7 1100 1636 1469 2500 2500 0.000000
111 LOG_DATAPACKET 1020 2067 77 77 -16 -13 -1 1100 1635 1469 2500 2500 0.000000
111 LOG_DATAPACKET 1021 2083 83 65 -10 -12 -3 1100 1635 1469 2500 2500 0.000000
111 LOG_DATAPACKET 1022 2060 78 64 -5 -15 -3 1100 1635 1469 2500 2500 0.000000
111 LOG_DATAPACKET 1023 2076 84 47 -1 -17 -3 1100 1635 1469 2500 2500 0.000000
111 LOG_DATAPACKET 1024 2074 86 63 4 -23 -2 1100 1635 1469 2500 2500 0.000000
111 LOG_DATAPACKET 1025 2089 89 56 7 -25 1 1100 1635 1469 2500 2500 0.000000
111 LOG_DATAPACKET 1026 2081 81 45 12 -25 -1 1100 1635 1469 2500 2500 0.000000
111 LOG_DATAPACKET 1027 2085 87 42 10 -23 -4 1100 1635 1469 2500 2500 0.000000
111 LOG_DATAPACKET 1028 2092 92 54 6 -22 -1 1100 1635 1469 2500 2500 0.000000
111 LOG_DATAPACKET 1029 2083 100 55 -6 -17 -4 1100 1635 1469 2500 2500 0.000000
111 LOG_DATAPACKET 1030 2075 109 56 -20 -11 -9 1100 1635 1469 2500 2500 0.000000
111 LOG_DATAPACKET 1031 2070 115 59 -28 -11 -10 1100 1635 1469 2500 2500 0.000000
111 LOG_DATAPACKET 1032 2069 116 40 -31 -15 -15 1100 1635 1469 2500 2500 0.000000
111 LOG_DATAPACKET 1033 2056 119 67 -34 -14 -18 1100 1635 1469 2500 2500 0.000000
111 LOG_DATAPACKET 1034 2066 118 54 -37 -11 -16 1100 1635 1469 2500 2500 0.000000
111 LOG_DATAPACKET 1035 2070 123 53 -28 -9 -12 1100 1635 1469 2500 2500 0.000000
111 LOG_DATAPACKET 1036 2069 118 63 -18 -2 -10 1100 1635 1469 2500 2500 0.000000
111 LOG_DATAPACKET 1037 2071 116 66 -10 -1 -10 1100 1635 1469 2500 2500 0.000000
111 LOG_DATAPACKET 1038 2063 117 29 0 -1 -4 1100 1635 1469 2500 2500 0.000000
111 LOG_DATAPACKET 1039 2070 125 33 5 6 -2 1100 1635 1469 2500 2500 0.000000
111 LOG_DATAPACKET 1040 2070 118 33 11 5 0 1100 1635 1469 2500 2500 0.000000
111 LOG_DATAPACKET 1041 2070 108 66 17 4 6 1100 1635 1469 2500 2500 0.000000
111 LOG_DATAPACKET 1042 2075 109 55 13 2 11 1100 1635 1469 2500 2500 0.000000
111 LOG_DATAPACKET 1043 2076 110 65 1 1 16 1100 1635 1469 2500 2500 0.000000
111 LOG_DATAPACKET 1044 2056 114 50 -5 1 20 1100 1635 1469 2500 2500 0.000000
111 LOG_DATAPACKET 1045 2051 107 74 -19 -2 19 1100 1635 1469 2500 2500 0.000000
111 LOG_DATAPACKET 1046 2050 90 63 -28 -1 25 1100 1635 1469 2500 2500 0.000000
111 LOG_DATAPACKET 1047 2050 106 51 -39 4 22 1100 1635 1469 2500 2500 0.000000
111 LOG_DATAPACKET 1048 2046 95 86 -51 3 22 1100 1635 1469 2500 2500 0.000000
111 LOG_DATAPACKET 1049 2028 105 87 -57 4 22 1100 1635 1469 2500 2500 0.000000
111 LOG_DATAPACKET 1050 2036 99 89 -64 6 21 1100 1635 1469 2500 2500 0.000000
111 LOG_DATAPACKET 1051 2030 94 82 -63 7 24 1100 1635 1469 2500 2500 0.000000
111 LOG_DATAPACKET 1052 2029 109 105 -61 8 27 1100 1635 1469 2500 2500 0.000000
111 LOG_DATAPACKET 1053 2018 108 104 -55 4 27 1100 1635 1469 2500 2500 0.000000
111 LOG_DATAPACKET 1054 2027 113 94 -46 6 28 1100 1635 1469 2500 2500 0.000000
111 LOG_DATAPACKET 1055 2039 94 81 -33 5 30 1100 1635 1469 2500 2500 0.000000
111 LOG_DATAPACKET 1056 2031 90 62 -21 8 30 1100 1635 1469 2500 2500 0.000000
111 LOG_DATAPACKET 1057 2030 83 72 -6 9 33 1100 1635 1469 2500 2500 0.000000
111 LOG_DATAPACKET 1058 2022 73 92 1 6 35 1100 1635 1469 2500 2500 0.000000
111 LOG_DATAPACKET 1059 2009 68 72 5 7 36 1100 1635 1469 2500 2500 0.000000
111 LOG_DATAPACKET 1060 2024 60 89 4 11 33 1100 1635 1469 2500 2500 0.000000
111 LOG_DATAPACKET 1061 2026 53 99 -3 10 28 1100 1635 1469 2500 2500 0.000000
111 LOG_DATAPACKET 1062 2027 50 59 -14 11 19 1100 1635 1469 2500 2500 0.000000
111 LOG_DATAPACKET 1063 2044 55 93 -23 11 12 1100 1635 1469 2500 2500 0.000000
111 LOG_DATAPACKET 1064 2040 54 69 -37 13 5 1100 1635 1469 2500 2500 0.000000
111 LOG_DATAPACKET 1065 2047 58 84 -55 13 1 1100 1636 1469 2500 2500 0.000000
111 LOG_DATAPACKET 1066 2050 50 80 -64 10 -6 1100 1636 1469 2500 2500 0.000000
111 LOG_DATAPACKET 1067 2049 52 82 -63 7 -10 1100 1636 1469 2500 2500 0.000000
111 LOG_DATAPACKET 1068 2061 63 78 -62 8 -17 1100 1636 1469 2500 2500 0.000000
111 LOG_DATAPACKET 1069 2071 60 73 -60 12 -19 1100 1636 1469 2500 2500 0.000000
111 LOG_DATAPACKET 1070 2075 68 77 -53 10 -22 1100 1636 1469 2500 2500 0.000000
111 LOG_DATAPACKET 1071 2075 65 52 -42 8 -19 1100 1636 1469 2500 2500 0.000000
111 LOG_DATAPACKET 1072 2055 84 74 -27 10 -20 1100 1636 1469 2500 2500 0.000000
111 LOG_DATAPACKET 1073 2070 79 70 -19 12 -17 1100 1636 1469 2500 2500 0.000000
111 LOG_DATAPACKET 1074 2051 76 54 -11 12 -18 1100 1636 1469 2500 2500 0.000000
111 LOG_DATAPACKET 1075 2059 80 70 0 11 -21 1100 1636 1469 2500 2500 0.000000
111 LOG_DATAPACKET 1076 2056 85 80 9 12 -26 1100 1636 1469 2500 2500 0.000000
111 LOG_DATAPACKET 1077 2040 71 70 9 13 -29 1100 1635 1469 2500 2500 0.000000
111 LOG_DATAPACKET 1078 2048 82 39 9 10 -31 1100 1635 1469 2500 2500 0.000000
111 LOG_DATAPACKET 1079 2044 77 26 -1 12 -29 1100 1635 1469 2500 2500 0.000000
111 LOG_DATAPACKET 1080 2041 67 51 -4 15 -27 1100 1635 1469 2500 2500 0.000000
111 LOG_DATAPACKET 1081 2050 61 45 -11 14 -26 1100 1635 1469 2500 2500 0.000000
111 LOG_DATAPACKET 1082 2055 64 55 -22 14 -25 1100 1635 1469 2500 2500 0.000000
111 LOG_DATAPACKET 1083 2047 55 38 -30 13 -25 1100 1635 1469 2500 2500 0.000000
111 LOG_DATAPACKET 1084 2052 62 45 -41 14 -23 1100 1635 1469 2500 2500 0.000000
111 LOG_DATAPACKET 1085 2054 56 80 -53 16 -23 1100 1635 1469 2500 2500 0.000000
111 LOG_DATAPACKET 1086 2080 73 33 -65 15 -29 1100 1635 1469 2500 2500 0.000000
111 LOG_DATAPACKET 1087 2081 73 24 -76 16 -26 1100 1635 1469 2500 2500 0.000000
111 LOG_DATAPACKET 1088 2073 78 66 -89 15 -19 1100 1635 1469 2500 2500 0.000000
111 LOG_DATAPACKET 1089 2065 79 78 -93 12 -15 1100 1635 1469 2500 2500 0.000000
111 LOG_DATAPACKET 1090 2074 77 43 -101 8 -9 1100 1635 1469 2500 2500 0.000000
111 LOG_DATAPACKET 1091 2080 97 80 -99 6 -7 1100 1635 1469 2500 2500 0.000000
111 LOG_DATAPACKET 1092 2070 84 65 -98 4 -7 1100 1635 1469 2500 2500 0.000000
111 LOG_DATAPACKET 1093 2063 90 68 -95 4 -8 1100 1635 1469 2500 2500 0.000000
111 LOG_DATAPACKET 1094 2074 93 69 -85 4 -8 1100 1635 1469 2500 2500 0.000000
111 LOG_DATAPACKET 1095 2088 101 55 -82 5 -8 1100 1635 1469 2500 2500 0.000000
111 LOG_DATAPACKET 1096 2071 112 65 -79 6 -5 1100 1635 1469 2500 2500 0.000000
111 LOG_DATAPACKET 1097 2084 105 53 -75 7 -4 1100 1635 1469 2500 2500 0.000000
111 LOG_DATAPACKET 1098 2066 87 65 -76 8 -3 1100 1635 1469 2500 2500 0.000000
111 LOG_DATAPACKET 1099 2089 98 61 -72 7 -3 1100 1636 1469 2500 2500 0.000000
111 LOG_DATAPACKET 1100 2087 99 81 -73 4 -5 1100 1636 1469 2500 2500 0.000000
111 LOG_DATAPACKET 1101 2083 97 76 -72 -2 -4 1100 1636 1469 2500 2500 0.000000
111 LOG_DATAPACKET 1102 2080 88 68 -71 -9 -1 1100 1636 1469 2500 2500 0.000000
111 LOG_DATAPACKET 1103 2074 88 67 -75 -12 0 1100 1636 1469 2500 2500 0.000000
111 LOG_DATAPACKET 1104 2074 100 66 -77 -12 -1 1100 1636 1469 2500 2500 0.000000
111 LOG_DATAPACKET 1105 2080 104 65 -82 -8 -3 1100 1636 1469 2500 2500 0.000000
111 LOG_DATAPACKET 1106 2096 86 78 -79 -10 -7 1100 1636 1469 2500 2500 0.000000
111 LOG_DATAPACKET 1107 2076 79 72 -74 -9 -11 1100 1636 1469 2500 2500 0.000000
111 LOG_DATAPACKET 1108 2093 93 62 -63 -12 -13 1100 1636 1469 2500 2500 0.000000
111 LOG_DATAPACKET 1109 2065 102 87 -63 -8 -15 1100 1636 1469 2500 2500 0.000000
111 LOG_DATAPACKET 1110 2047 100 84 -55 -16 -14 1100 1635 1469 2500 2500 0.000000
111 LOG_DATAPACKET 1111 2069 94 80 -46 -18 -11 1100 1635 1469 2500 2500 0.000000
111 LOG_DATAPACKET 1112 2078 95 57 -35 -24 -12 1100 1635 1469 2500 2500 0.000000
111 LOG_DATAPACKET 1113 2084 88 57 -22 -19 -10 1100 1635 1469 2500 2500 0.000000
111 LOG_DATAPACKET 1114 2082 99 66 -15 -21 -8 1100 1635 1469 2500 2500 0.000000
111 LOG_DATAPACKET 1115 2065 98 48 -7 -26 -7 1100 1635 1469 2500 2500 0.000000
111 LOG_DATAPACKET 1116 2069 98 43 0 -24 -6 1100 1635 1469 2500 2500 0.000000
111 LOG_DATAPACKET 1117 2057 83 56 6 -24 -6 1100 1635 1469 2500 2500 0.000000
111 LOG_DATAPACKET 1118 2073 81 50 13 -21 -7 1100 1635 1469 2500 2500 0.000000
111 LOG_DATAPACKET 1119 2044 78 73 9 -25 -5 1100 1635 1469 2500 2500 0.000000
111 LOG_DATAPACKET 1120 2039 70 64 7 -23 -2 1100 1635 1469 2500 2500 0.000000
111 LOG_DATAPACKET 1121 2040 92 75 2 -18 -4 1100 1635 1469 2500 2500 0.000000
111 LOG_DATAPACKET 1122 2043 83 98 -9 -22 -5 1100 1635 1469 2500 2500 0.000000
111 LOG_DATAPACKET 1123 2021 93 59 -19 -24 -11 1100 1635 1469 2500 2500 0.000000
111 LOG_DATAPACKET 1124 2037 96 56 -27 -22 -16 1100 1635 1469 2500 2500 0.000000
111 LOG_DATAPACKET 1125 2039 88 49 -31 -20 -19 1100 1635 1469 2500 2500 0.000000
111 LOG_DATAPACKET 1126 2042 82 30 -33 -18 -21 1100 1635 1469 2500 2500 0.000000
111 LOG_DATAPACKET 1127 2046 88 43 -33 -14 -21 1100 1635 1469 2500 2500 0.000000
111 LOG_DATAPACKET 1128 2041 92 55 -26 -8 -21 1100 1635 1469 2500 2500 0.000000
111 LOG_DATAPACKET 1129 2056 76 59 -23 -9 -17 1100 1635 1469 2500 2500 0.000000
111 LOG_DATAPACKET 1130 2036 103 71 -17 -6 -21 1100 1635 1469 2500 2500 0.000000
111 LOG_DATAPACKET 1131 2064 92 74 -12 -12 -20 1100 1635 1469 2500 2500 0.000000
111 LOG_DATAPACKET 1132 2058 91 56 2 -12 -19 1100 1635 1469 2500 2500 0.000000
111 LOG_DATAPACKET 1133 2063 100 58 14 -11 -24 1100 1635 1469 2500 2500 0.000000
111 LOG_DATAPACKET 1134 2062 95 57 13 -9 -25 1100 1635 1469 2500 2500 0.000000
111 LOG_DATAPACKET 1135 2072 85 44 14 -5 -28 1100 1635 1469 2500 2500 0.000000
111 LOG_DATAPACKET 1136 2070 100 99 11 -2 -26 1100 1635 1469 2500 2500 0.000000
111 LOG_DATAPACKET 1137 2074 98 72 4 -1 -23 1100 1635 1469 2500 2500 0.000000
111 LOG_DATAPACKET 1138 2058 104 69 -2 1 -25 1100 1635 1469 2500 2500 0.000000
111 LOG_DATAPACKET 1139 2067 95 69 -8 0 -30 1100 1635 1469 2500 2500 0.000000
111 LOG_DATAPACKET 1140 2074 98 93 -13 1 -38 1100 1635 1469 2500 2500 0.000000
111 LOG_DATAPACKET 1141 2060 98 63 -15 1 -41 1100 1635 1469 2500 2500 0.000000
111 LOG_DATAPACKET 1142 2079 118 65 -18 -1 -38 1100 1635 1469 2500 2500 0.000000
111 LOG_DATAPACKET 1143 2078 111 72 -20 2 -35 1100 1635 1469 2500 2500 0.000000
111 LOG_DATAPACKET 1144 2082 114 81 -20 4 -30 1100 1635 1469 2500 2500 0.000000
111 LOG_DATAPACKET 1145 2084 131 68 -17 2 -25 1100 1635 1469 2500 2500 0.000000
111 LOG_DATAPACKET 1146 2076 126 63 -6 6 -24 1100 1635 1469 2500 2500 0.000000
111 LOG_DATAPACKET 1147 2063 141 68 4 0 -17 1100 1635 1469 2500 2500 0.000000
111 LOG_DATAPACKET 1148 2040 143 82 18 4 -12 1100 1635 1469 2500 2500 0.000000
111 LOG_DATAPACKET 1149 2037 146 69 24 -1 -8 1100 1635 1469 2500 2500 0.000000
111 LOG_DATAPACKET 1150 2039 135 79 34 0 -3 1100 1635 1469 2500 2500 0.000000
111 LOG_DATAPACKET 1151 2038 115 66 42 2 -2 1100 1635 1469 2500 2500 0.000000
111 LOG_DATAPACKET 1152 2027 104 68 42 2 4 1100 1635 1469 2500 2500 0.000000
111 LOG_DATAPACKET 1153 2030 113 71 40 5 7 1100 1635 1469 2500 2500 0.000000
111 LOG_DATAPACKET 1154 2013 110 81 41 0 12 1100 1635 1469 2500 2500 0.000000
111 LOG_DATAPACKET 1155 2030 98 101 29 0 20 1100 1636 1469 2500 2500 0.000000
111 LOG_DATAPACKET 1156 2025 97 68 20 -4 24 1100 1636 1469 2500 2500 0.000000
111 LOG_DATAPACKET 1157 2029 83 59 16 -4 22 1100 1636 1469 2500 2500 0.000000
111 LOG_DATAPACKET 1158 2052 77 77 7 -6 22 1100 1636 1469 2500 2500 0.000000
111 LOG_DATAPACKET 1159 2058 78 76 -4 -9 24 1100 1636 1469 2500 2500 0.000000
111 LOG_DATAPACKET 1160 2076 95 52 -15 -6 27 1100 1636 1469 2500 2500 0.000000
111 LOG_DATAPACKET 1161 2070 76 75 -25 -8 31 1100 1636 1469 2500 2500 0.000000
111 LOG_DATAPACKET 1162 2079 96 74 -33 -9 34 1100 1636 1469 2500 2500 0.000000
111 LOG_DATAPACKET 1163 2075 96 116 -42 -20 36 1100 1636 1469 2500 2500 0.000000
111 LOG_DATAPACKET 1164 2058 106 104 -36 -25 34 1100 1636 1469 2500 2500 0.000000
111 LOG_DATAPACKET 1165 2059 99 95 -27 -33 32 1100 1636 1469 2500 2500 0.000000
111 LOG_DATAPACKET 1166 2068 96 89 -12 -35 29 1100 1636 1469 2500 2500 0.000000
111 LOG_DATAPACKET 1167 2059 100 77 5 -38 30 1100 1635 1469 2500 2500 0.000000
111 LOG_DATAPACKET 1168 2070 91 80 21 -40 32 1100 1635 1469 2500 2500 0.000000
111 LOG_DATAPACKET 1169 2064 89 83 41 -37 32 1100 1635 1469 2500 2500 0.000000
